%randomly generated instance
%vessels
3
100	25000	0.23
200	30000	0.28
300	35000	0.33
%ports
50
1	ContinentalPort	CP	0	0
2	Port2	RP	73	23
3	Port3	RP	9	60
4	Port4	RP	49	43
5	Port5	RP	3	30
6	Port6	RP	3	10
7	Port7	RP	37	18
8	Port8	RP	28	55
9	Port9	RP	0	1
10	Port10	RP	29	12
11	Port11	RP	17	6
12	Port12	RP	42	10
13	Port13	RP	4	18
14	Port14	RP	2	81
15	Port15	RP	31	12
16	Port16	RP	1	77
17	Port17	RP	44	2
18	Port18	RP	28	48
19	Port19	RP	72	22
20	Port20	RP	4	9
21	Port21	RP	4	44
22	Port22	RP	30	19
23	Port23	RP	50	33
24	Port24	RP	22	73
25	Port25	RP	24	38
26	Port26	RP	6	4
27	Port27	RP	54	32
28	Port28	RP	7	2
29	Port29	RP	26	58
30	Port30	RP	12	61
31	Port31	RP	17	63
32	Port32	RP	30	39
33	Port33	RP	75	20
34	Port34	RP	48	10
35	Port35	RP	34	15
36	Port36	RP	12	78
37	Port37	RP	25	6
38	Port38	RP	53	31
39	Port39	RP	48	46
40	Port40	RP	38	24
41	Port41	RP	18	42
42	Port42	RP	8	48
43	Port43	RP	19	16
44	Port44	RP	88	7
45	Port45	RP	45	6
46	Port46	RP	22	55
47	Port47	RP	8	20
48	Port48	RP	5	8
49	Port49	RP	2	3
50	Port50	RP	36	3
%distance table
0.000	1623.856	1607.597	1581.781	1557.621	1487.091	1450.685	1535.054	1248.604	1620.980	1557.753	1460.786	1438.272	1494.066	1201.072	1235.536	1246.169	1360.635	1384.877	1071.730	912.506	997.822	979.373	873.959	863.158	962.412	1015.924	1047.207	1080.676	1243.732	1354.172	1470.472	1424.864	1170.759	889.914	1118.833	1162.012	1089.430	1073.135	1150.630	1436.111	1561.017	117.043	190.154	648.468	610.830	572.967	822.748	796.420	914.940
1623.856	0.000	190.176	349.145	547.456	797.634	2091.015	2256.076	2135.824	2456.748	2448.141	2431.078	2462.991	2668.128	2814.173	2859.335	2865.161	2972.049	2973.319	2118.651	1761.795	1589.660	1480.568	1261.993	1090.934	781.872	810.349	1045.424	1220.705	1409.955	1515.917	1601.897	1527.807	1266.788	892.778	1231.166	1347.255	1420.380	1476.122	1281.866	504.935	523.962	1527.979	1709.767	1017.545	1070.579	1068.743	2200.306	2201.475	2307.414
1607.597	190.176	0.000	160.446	360.412	616.982	1944.644	2111.401	2008.726	2316.577	2312.758	2303.188	2339.444	2555.434	2779.033	2839.310	2853.766	2966.624	2978.942	2195.314	1843.470	1687.048	1579.222	1350.585	1173.464	852.968	900.448	1154.643	1335.025	1537.954	1650.814	1743.660	1668.556	1390.742	962.922	1088.212	1200.587	1281.684	1339.847	1135.729	336.478	336.635	1504.322	1673.653	973.968	1022.850	1037.815	2123.444	2128.306	2229.576
1581.781	349.145	160.446	0.000	200.199	459.972	1808.807	1976.469	1887.665	2184.621	2184.442	2180.668	2220.221	2444.203	2730.244	2802.900	2824.521	2942.011	2963.571	2243.541	1898.091	1756.111	1650.236	1415.626	1236.117	914.010	974.867	1239.144	1421.431	1634.022	1752.060	1850.403	1774.785	1484.590	1020.035	959.233	1067.551	1154.732	1214.511	1003.619	200.535	176.350	1473.412	1630.338	935.756	979.673	1008.911	2042.782	2050.679	2147.614
1557.621	547.456	360.412	200.199	0.000	264.732	1637.225	1805.578	1735.336	2017.045	2021.559	2025.309	2069.017	2302.615	2667.566	2755.578	2786.145	2908.968	2942.044	2304.513	1969.348	1845.820	1743.258	1504.487	1325.122	1009.065	1082.686	1352.755	1534.743	1756.317	1879.477	1983.620	1907.848	1605.691	1107.609	803.759	904.410	999.539	1060.986	842.683	132.436	23.930	1444.398	1583.044	911.148	946.810	993.655	1942.876	1954.684	2045.352
1487.091	797.634	616.982	459.972	264.732	0.000	1384.455	1552.957	1501.050	1766.805	1775.558	1786.582	1834.341	2077.081	2532.598	2639.214	2680.873	2809.630	2857.193	2334.312	2017.359	1920.670	1824.288	1584.759	1410.303	1113.821	1200.310	1469.479	1647.029	1877.120	2005.787	2116.968	2041.808	1727.232	1198.577	578.830	666.451	769.753	832.135	609.011	300.613	288.143	1370.441	1481.382	867.827	889.691	957.312	1768.071	1784.580	1866.663
1450.685	2091.015	1944.644	1808.807	1637.225	1384.455	0.000	168.507	303.799	384.687	408.886	465.302	537.258	815.603	1790.407	1989.285	2088.341	2231.057	2353.122	2517.601	2351.762	2394.951	2346.763	2165.731	2062.197	1933.786	2030.924	2219.291	2336.679	2552.873	2681.746	2805.377	2744.222	2435.468	1943.216	859.882	744.453	674.827	624.762	809.652	1611.208	1658.326	1381.221	1286.593	1363.452	1319.926	1404.522	967.335	1010.901	1000.107
1535.054	2256.076	2111.401	1976.469	1805.578	1552.957	168.507	0.000	302.823	218.776	256.609	341.636	420.436	695.751	1755.295	1964.100	2069.799	2211.301	2342.021	2591.139	2444.447	2500.279	2457.392	2285.000	2189.376	2075.594	2171.616	2350.992	2461.744	2673.535	2800.711	2923.931	2864.705	2560.513	2079.780	1025.070	910.836	837.195	784.726	975.829	1778.528	1826.629	1475.140	1361.744	1502.439	1456.584	1537.914	966.042	1011.377	980.810
1248.604	2135.824	2008.726	1887.665	1735.336	1501.050	303.799	302.823	0.000	381.001	336.061	295.270	333.734	585.608	1486.782	1687.102	1787.849	1930.312	2055.288	2295.496	2160.816	2228.022	2191.156	2030.695	1947.928	1864.689	1957.265	2116.640	2215.349	2419.592	2543.952	2666.243	2609.878	2313.650	1856.939	931.720	834.662	735.802	674.568	893.843	1687.130	1754.224	1196.957	1070.260	1291.820	1241.469	1314.472	671.636	716.264	697.997
1620.980	2456.748	2316.577	2184.621	2017.045	1766.805	384.687	218.776	381.001	0.000	87.261	217.369	291.153	534.352	1682.877	1902.060	2015.252	2153.931	2294.734	2653.211	2533.327	2606.321	2571.057	2411.696	2327.846	2236.141	2330.100	2495.359	2595.975	2800.593	2924.877	3047.106	2990.863	2694.340	2232.452	1228.409	1117.142	1036.506	980.824	1181.439	1985.680	2037.750	1574.381	1438.620	1661.988	1613.217	1689.299	957.210	1002.870	947.690
1557.753	2448.141	2312.758	2184.442	2021.559	1775.558	408.886	256.609	336.061	87.261	0.000	130.262	204.277	456.284	1595.616	1814.881	1928.249	2066.825	2207.958	2581.790	2469.184	2547.473	2514.871	2360.580	2281.683	2200.559	2293.284	2451.515	2547.617	2749.096	2872.129	2993.859	2938.814	2645.686	2192.926	1225.536	1117.939	1031.099	973.187	1181.133	1984.618	2041.730	1515.459	1373.407	1627.363	1577.288	1650.530	875.714	921.230	863.099
1460.786	2431.078	2303.188	2180.668	2025.309	1786.582	465.302	341.636	295.270	217.369	130.262	0.000	80.161	354.667	1465.789	1684.692	1797.987	1936.580	2077.762	2471.320	2369.328	2455.302	2426.667	2280.121	2208.758	2143.678	2234.338	2381.745	2470.970	2667.534	2788.585	2909.461	2856.228	2568.462	2130.139	1222.813	1121.804	1026.763	966.318	1182.678	1980.180	2044.615	1425.201	1273.954	1573.836	1522.006	1590.588	752.536	797.737	735.406
1438.272	2462.991	2339.444	2220.221	2069.017	1834.341	537.258	420.436	333.734	291.153	204.277	80.161	0.000	278.642	1392.770	1613.418	1728.122	1865.936	2009.094	2433.958	2342.535	2435.282	2410.046	2269.981	2204.545	2151.129	2240.212	2379.641	2463.563	2656.064	2775.414	2895.496	2843.765	2560.495	2133.479	1265.334	1168.112	1069.480	1008.130	1227.544	2019.698	2087.850	1408.788	1249.735	1584.892	1532.035	1597.167	702.714	747.139	676.919
1494.066	2668.128	2555.434	2444.203	2302.615	2077.081	815.603	695.751	585.608	534.352	456.284	354.667	278.642	0.000	1215.772	1445.249	1567.570	1699.138	1853.063	2420.705	2370.300	2486.521	2473.255	2356.051	2310.194	2292.498	2376.284	2490.506	2556.998	2734.886	2847.813	2964.530	2918.149	2651.451	2262.880	1500.995	1411.834	1307.483	1245.177	1468.070	2244.405	2320.374	1486.042	1304.370	1742.191	1687.223	1741.787	685.777	722.582	620.148
1201.072	2814.173	2779.033	2730.244	2667.566	2532.598	1790.407	1755.295	1486.782	1682.877	1595.616	1465.789	1392.770	1215.772	0.000	232.805	361.273	484.712	645.748	1588.099	1709.846	1907.611	1948.040	1951.200	2002.655	2156.777	2200.677	2177.256	2153.739	2242.492	2314.124	2404.025	2385.529	2223.894	2075.099	2016.103	1993.360	1883.986	1834.280	2018.237	2560.728	2676.099	1287.950	1105.972	1805.240	1756.305	1746.354	849.941	814.424	794.000
1235.536	2859.335	2839.310	2802.900	2755.578	2639.214	1989.285	1964.100	1687.102	1902.060	1814.881	1684.692	1613.418	1445.249	232.805	0.000	130.369	253.985	412.988	1451.620	1615.225	1825.876	1877.838	1909.132	1980.460	2165.317	2199.416	2147.432	2104.727	2170.528	2230.767	2312.350	2300.661	2167.210	2075.867	2147.159	2135.231	2029.057	1983.093	2154.567	2642.714	2762.307	1335.149	1173.793	1868.453	1823.261	1801.496	1030.790	991.054	989.227
1246.169	2865.161	2853.766	2824.521	2786.145	2680.873	2088.341	2069.799	1787.849	2015.252	1928.249	1797.987	1728.122	1567.570	361.273	130.369	0.000	143.069	285.988	1363.458	1549.113	1765.543	1823.571	1870.275	1952.233	2153.226	2181.683	2114.068	2060.955	2113.842	2167.633	2244.424	2236.449	2118.917	2059.904	2204.702	2199.136	2095.247	2051.663	2215.156	2670.160	2791.817	1351.444	1203.815	1888.770	1845.985	1817.734	1123.783	1082.209	1090.489
1360.635	2972.049	2966.624	2942.011	2908.968	2809.630	2231.057	2211.301	1930.312	2153.931	2066.825	1936.580	1865.936	1699.138	484.712	253.985	143.069	0.000	172.832	1378.296	1592.428	1814.461	1879.107	1941.746	2033.477	2247.747	2271.442	2189.961	2126.721	2165.438	2211.504	2282.168	2278.784	2179.739	2151.501	2340.635	2337.238	2234.102	2191.211	2352.159	2791.311	2914.036	1468.871	1329.514	2006.908	1965.656	1933.532	1266.813	1225.274	1232.692
1384.877	2973.319	2978.942	2963.571	2942.044	2857.193	2353.122	2342.021	2055.288	2294.734	2207.958	2077.762	2009.094	1853.063	645.748	412.988	285.988	172.832	0.000	1270.163	1512.288	1738.975	1811.023	1893.442	1998.020	2230.944	2247.182	2146.178	2069.869	2090.997	2127.973	2191.587	2193.243	2116.373	2130.643	2410.362	2414.867	2315.074	2275.334	2425.602	2820.988	2945.747	1497.660	1377.216	2033.210	1995.345	1955.562	1385.825	1342.616	1361.211
1071.730	2118.651	2195.314	2243.541	2304.513	2334.312	2517.601	2591.139	2295.496	2653.211	2581.790	2471.320	2433.958	2420.705	1588.099	1451.620	1363.458	1378.296	1270.163	0.000	359.264	568.003	670.929	859.784	1027.724	1343.156	1308.529	1100.862	959.029	892.638	894.669	938.085	952.192	966.891	1232.625	2120.264	2187.078	2131.388	2124.380	2162.489	2172.096	2298.159	1158.055	1231.400	1489.760	1486.372	1400.464	1743.263	1702.617	1800.558
912.506	1761.795	1843.470	1898.091	1969.348	2017.359	2351.762	2444.447	2160.816	2533.327	2469.184	2369.328	2342.535	2370.300	1709.846	1615.225	1549.113	1592.428	1512.288	359.264	0.000	230.114	320.832	501.009	671.685	990.506	951.453	742.288	607.304	580.261	619.262	697.200	687.431	627.269	880.936	1858.623	1937.345	1894.950	1896.451	1905.409	1837.337	1961.623	970.759	1095.910	1200.580	1206.375	1114.797	1684.653	1649.296	1759.175
997.822	1589.660	1687.048	1756.111	1845.820	1920.670	2394.951	2500.279	2228.022	2606.321	2547.473	2455.302	2435.282	2486.521	1907.611	1825.876	1765.543	1814.461	1738.975	568.003	230.114	0.000	109.297	341.517	521.289	842.280	786.606	548.364	392.914	352.024	406.560	501.472	477.948	400.619	738.884	1827.432	1916.556	1887.104	1896.161	1878.017	1715.670	1835.835	1032.114	1187.596	1154.321	1170.639	1075.851	1805.304	1773.453	1887.770
979.373	1480.568	1579.222	1650.236	1743.258	1824.288	2346.763	2457.392	2191.156	2571.057	2514.871	2426.667	2410.046	2473.255	1948.040	1877.838	1823.571	1879.107	1811.023	670.929	320.832	109.297	0.000	239.895	418.210	737.125	678.851	439.179	288.162	294.452	381.018	492.365	453.363	308.873	635.650	1751.707	1844.273	1819.784	1831.728	1803.470	1613.687	1732.823	1001.599	1169.400	1077.075	1097.127	1002.101	1797.001	1767.219	1883.397
873.959	1261.993	1350.585	1415.626	1504.487	1584.759	2165.731	2285.000	2030.695	2411.696	2360.580	2280.121	2269.981	2356.051	1951.200	1909.132	1870.275	1941.746	1893.442	859.784	501.009	341.517	239.895	0.000	179.828	501.628	452.422	256.718	208.698	388.990	516.052	639.646	579.826	296.874	397.370	1530.919	1627.803	1610.457	1626.676	1584.076	1374.555	1494.384	870.014	1058.296	857.559	883.012	788.669	1695.279	1670.113	1788.823
863.158	1090.934	1173.464	1236.117	1325.122	1410.303	2062.197	2189.376	1947.928	2327.846	2281.683	2208.758	2204.545	2310.194	2002.655	1980.460	1952.233	2033.477	1998.020	1027.724	671.685	521.289	418.210	179.828	0.000	322.328	281.283	184.234	276.823	505.785	639.286	761.786	693.777	374.902	217.642	1386.565	1488.387	1479.661	1500.708	1441.241	1195.476	1314.842	835.180	1035.519	721.357	754.070	662.891	1668.330	1647.382	1766.812
962.412	781.872	852.968	914.010	1009.065	1113.821	1933.786	2075.594	1864.689	2236.141	2200.559	2143.678	2151.129	2292.498	2156.777	2165.317	2153.226	2247.747	2230.944	1343.156	990.506	842.280	737.125	501.628	322.328	0.000	99.769	356.608	533.287	763.782	893.719	1007.932	933.725	614.592	111.102	1177.354	1289.267	1301.922	1333.940	1234.599	881.351	997.666	896.848	1101.130	574.255	623.291	554.024	1698.643	1685.836	1803.343
1015.924	810.349	900.448	974.867	1082.686	1200.310	2030.924	2171.616	1957.265	2330.100	2293.284	2234.338	2240.212	2376.284	2200.677	2199.416	2181.683	2271.442	2247.182	1308.529	951.453	786.606	678.851	452.422	281.283	99.769	0.000	270.851	452.167	677.787	805.523	917.262	842.447	527.398	126.131	1277.063	1389.036	1401.345	1432.959	1334.329	957.615	1069.934	958.821	1164.174	669.310	716.914	643.757	1772.318	1757.786	1876.030
1047.207	1045.424	1154.643	1239.144	1352.755	1469.479	2219.291	2350.992	2116.640	2495.359	2451.515	2381.745	2379.641	2490.506	2177.256	2147.432	2114.068	2189.961	2146.178	1100.862	742.288	548.364	439.179	256.718	184.234	356.608	270.851	0.000	182.480	407.649	537.112	652.033	578.392	258.003	292.182	1509.530	1616.660	1617.261	1642.765	1565.716	1228.278	1339.621	1018.875	1219.654	862.588	901.422	814.796	1851.868	1831.243	1950.676
1080.676	1220.705	1335.025	1421.431	1534.743	1647.029	2336.679	2461.744	2215.349	2595.975	2547.617	2470.970	2463.563	2556.998	2153.739	2104.727	2060.955	2126.721	2069.869	959.029	607.304	392.914	288.162	208.698	276.823	533.287	452.167	182.480	0.000	234.430	367.640	488.099	418.225	98.806	455.161	1659.767	1763.148	1756.108	1777.496	1714.948	1409.739	1521.779	1071.771	1263.444	997.764	1030.892	939.593	1900.515	1876.118	1995.044
1243.732	1409.955	1537.954	1634.022	1756.317	1877.120	2552.873	2673.535	2419.592	2800.593	2749.096	2667.534	2656.064	2734.886	2242.492	2170.528	2113.842	2165.438	2090.997	892.638	580.261	352.024	294.452	388.990	505.785	763.782	677.787	407.649	234.430	0.000	133.665	256.154	191.349	150.701	689.318	1892.012	1994.172	1984.303	2003.891	1946.866	1633.478	1742.409	1250.988	1431.842	1226.411	1257.224	1164.545	2066.196	2038.594	2156.173
1354.172	1515.917	1650.814	1752.060	1879.477	2005.787	2681.746	2800.711	2543.952	2924.877	2872.129	2788.585	2775.414	2847.813	2314.124	2230.767	2167.633	2211.504	2127.973	894.669	619.262	406.560	381.018	516.052	639.286	893.719	805.523	537.112	367.640	133.665	0.000	123.827	72.531	279.174	821.843	2025.640	2127.634	2117.158	2136.269	2080.458	1758.103	1865.010	1367.716	1543.501	1359.511	1389.794	1296.827	2174.762	2145.810	2262.523
1470.472	1601.897	1743.660	1850.403	1983.620	2116.968	2805.377	2923.931	2666.243	3047.106	2993.859	2909.461	2895.496	2964.530	2404.025	2312.350	2244.424	2282.168	2191.587	938.085	697.200	501.472	492.365	639.646	761.786	1007.932	917.262	652.033	488.099	256.154	123.827	0.000	75.780	395.915	940.064	2147.554	2250.133	2240.430	2259.812	2202.554	1864.174	1968.493	1487.102	1660.221	1482.565	1513.236	1420.395	2289.298	2259.584	2375.714
1424.864	1527.807	1668.556	1774.785	1907.848	2041.808	2744.222	2864.705	2609.878	2990.863	2938.814	2856.228	2843.765	2918.149	2385.529	2300.661	2236.449	2278.784	2193.243	952.192	687.431	477.948	453.363	579.826	693.777	933.725	842.447	578.392	418.225	191.349	72.531	75.780	0.000	323.901	867.642	2077.893	2181.351	2173.364	2193.713	2133.140	1788.470	1892.714	1436.811	1613.982	1415.117	1446.920	1354.636	2245.937	2217.201	2334.053
1170.759	1266.788	1390.742	1484.590	1605.691	1727.232	2435.468	2560.513	2313.650	2694.340	2645.686	2568.462	2560.495	2651.451	2223.894	2167.210	2118.917	2179.739	2116.373	966.891	627.269	400.619	308.873	296.874	374.902	614.592	527.398	258.003	98.806	150.701	279.174	395.915	323.901	0.000	544.150	1754.696	1858.962	1853.246	1875.166	1810.139	1482.777	1591.849	1165.589	1355.110	1094.985	1128.773	1037.792	1992.129	1966.977	2085.662
889.914	892.778	962.922	1020.035	1107.609	1198.577	1943.216	2079.780	1856.939	2232.452	2192.926	2130.139	2133.479	2262.880	2075.099	2075.867	2059.904	2151.501	2130.643	1232.625	880.936	738.884	635.650	397.370	217.642	111.102	126.131	292.182	455.161	689.318	821.843	940.064	867.642	544.150	0.000	1217.720	1325.619	1329.089	1356.644	1274.062	978.208	1097.230	834.205	1039.644	580.337	623.517	543.208	1651.575	1636.156	1754.703
1118.833	1231.166	1088.212	959.233	803.759	578.830	859.882	1025.070	931.720	1228.409	1225.536	1222.813	1265.334	1500.995	2016.103	2147.159	2204.702	2340.635	2410.362	2120.264	1858.623	1827.432	1751.707	1530.919	1386.565	1177.354	1277.063	1509.530	1659.767	1892.012	2025.640	2147.554	2077.893	1754.696	1217.720	0.000	120.080	196.066	257.229	57.836	759.165	822.516	1006.493	1051.635	674.690	657.130	751.673	1213.275	1234.672	1306.938
1162.012	1347.255	1200.587	1067.551	904.410	666.451	744.453	910.836	834.662	1117.142	1117.939	1121.804	1168.112	1411.834	1993.360	2135.231	2199.136	2337.238	2414.867	2187.078	1937.345	1916.556	1844.273	1627.803	1488.387	1289.267	1389.036	1616.660	1763.148	1994.172	2127.634	2250.133	2181.351	1858.962	1325.619	120.080	0.000	113.437	173.204	65.426	868.561	924.228	1053.632	1076.616	770.302	747.147	842.172	1171.913	1197.025	1260.446
1089.430	1420.380	1281.684	1154.732	999.539	769.753	674.827	837.195	735.802	1036.506	1031.099	1026.763	1069.480	1307.483	1883.986	2029.057	2095.247	2234.102	2315.074	2131.388	1894.950	1887.104	1819.784	1610.457	1479.661	1301.922	1401.345	1617.261	1756.108	1984.303	2117.158	2240.430	2173.364	1853.246	1329.089	196.066	113.437	0.000	62.411	161.127	954.461	1018.442	985.084	991.473	758.346	727.829	821.817	1059.348	1084.999	1147.296
1073.135	1476.122	1339.847	1214.511	1060.986	832.135	624.762	784.726	674.568	980.824	973.187	966.318	1008.130	1245.177	1834.280	1983.093	2051.663	2191.211	2275.334	2124.380	1896.451	1896.161	1831.728	1626.676	1500.708	1333.940	1432.959	1642.765	1777.496	2003.891	2136.269	2259.812	2193.713	1875.166	1356.644	257.229	173.204	62.411	0.000	223.517	1014.095	1079.728	972.096	966.027	780.897	746.799	839.447	1004.819	1031.597	1091.085
1150.630	1281.866	1135.729	1003.619	842.683	609.011	809.652	975.829	893.843	1181.439	1181.133	1182.678	1227.544	1468.070	2018.237	2154.567	2215.156	2352.159	2425.602	2162.489	1905.409	1878.017	1803.470	1584.076	1441.241	1234.599	1334.329	1565.716	1714.948	1946.866	2080.458	2202.554	2133.140	1810.139	1274.062	57.836	65.426	161.127	223.517	0.000	804.299	862.173	1039.856	1075.294	726.983	707.379	802.223	1205.639	1228.918	1296.809
1436.111	504.935	336.478	200.535	132.436	300.613	1611.208	1778.528	1687.130	1985.680	1984.618	1980.180	2019.698	2244.405	2560.728	2642.714	2670.160	2791.311	2820.988	2172.096	1837.337	1715.670	1613.687	1374.555	1195.476	881.351	957.615	1228.278	1409.739	1633.478	1758.103	1864.174	1788.470	1482.777	978.208	759.165	868.561	954.461	1014.095	804.299	0.000	128.456	1324.082	1469.015	788.005	826.188	868.493	1854.326	1863.853	1958.308
1561.017	523.962	336.635	176.350	23.930	288.143	1658.326	1826.629	1754.224	2037.750	2041.730	2044.615	2087.850	2320.374	2676.099	2762.307	2791.817	2914.036	2945.747	2298.159	1961.623	1835.835	1732.823	1494.384	1314.842	997.666	1069.934	1339.621	1521.779	1742.409	1865.010	1968.493	1892.714	1591.849	1097.230	822.516	924.228	1018.442	1079.728	862.173	128.456	0.000	1448.275	1589.246	913.660	950.415	995.220	1955.608	1966.953	2058.403
117.043	1527.979	1504.322	1473.412	1444.398	1370.441	1381.221	1475.140	1196.957	1574.381	1515.459	1425.201	1408.788	1486.042	1287.950	1335.149	1351.444	1468.871	1497.660	1158.055	970.759	1032.114	1001.599	870.014	835.180	896.848	958.821	1018.875	1071.771	1250.988	1367.716	1487.102	1436.811	1165.589	834.205	1006.493	1053.632	985.084	972.096	1039.856	1324.082	1448.275	0.000	205.451	538.038	497.933	466.721	833.193	812.460	931.885
190.154	1709.767	1673.653	1630.338	1583.044	1481.382	1286.593	1361.744	1070.260	1438.620	1373.407	1273.954	1249.735	1304.370	1105.972	1173.793	1203.815	1329.514	1377.216	1231.400	1095.910	1187.596	1169.400	1058.296	1035.519	1101.130	1164.174	1219.654	1263.444	1431.842	1543.501	1660.221	1613.982	1355.110	1039.644	1051.635	1076.616	991.473	966.027	1075.294	1469.015	1589.246	205.451	0.000	699.688	651.913	641.074	637.091	613.247	732.502
648.468	1017.545	973.968	935.756	911.148	867.827	1363.452	1502.439	1291.820	1661.988	1627.363	1573.836	1584.892	1742.191	1805.240	1868.453	1888.770	2006.908	2033.210	1489.760	1200.580	1154.321	1077.075	857.559	721.357	574.255	669.310	862.588	997.764	1226.411	1359.511	1482.565	1415.117	1094.985	580.337	674.690	770.302	758.346	780.897	726.983	788.005	913.660	538.038	699.688	0.000	56.079	90.336	1199.278	1195.696	1306.648
610.830	1070.579	1022.850	979.673	946.810	889.691	1319.926	1456.584	1241.469	1613.217	1577.288	1522.006	1532.035	1687.223	1756.305	1823.261	1845.985	1965.656	1995.345	1486.372	1206.375	1170.639	1097.127	883.012	754.070	623.291	716.914	901.422	1030.892	1257.224	1389.794	1513.236	1446.920	1128.773	623.517	657.130	747.147	727.829	746.799	707.379	826.188	950.415	497.933	651.913	56.079	0.000	95.027	1143.463	1140.136	1250.848
572.967	1068.743	1037.815	1008.911	993.655	957.312	1404.522	1537.914	1314.472	1689.299	1650.530	1590.588	1597.167	1741.787	1746.354	1801.496	1817.734	1933.532	1955.562	1400.464	1114.797	1075.851	1002.101	788.669	662.891	554.024	643.757	814.796	939.593	1164.545	1296.827	1420.395	1354.636	1037.792	543.208	751.673	842.172	821.817	839.447	802.223	868.493	995.220	466.721	641.074	90.336	95.027	0.000	1173.885	1166.990	1280.750
822.748	2200.306	2123.444	2042.782	1942.876	1768.071	967.335	966.042	671.636	957.210	875.714	752.536	702.714	685.777	849.941	1030.790	1123.783	1266.813	1385.825	1743.263	1684.653	1805.304	1797.001	1695.279	1668.330	1698.643	1772.318	1851.868	1900.515	2066.196	2174.762	2289.298	2245.937	1992.129	1651.575	1213.275	1171.913	1059.348	1004.819	1205.639	1854.326	1955.608	833.193	637.091	1199.278	1143.463	1173.885	0.000	45.805	107.426
796.420	2201.475	2128.306	2050.679	1954.684	1784.580	1010.901	1011.377	716.264	1002.870	921.230	797.737	747.139	722.582	814.424	991.054	1082.209	1225.274	1342.616	1702.617	1649.296	1773.453	1767.219	1670.113	1647.382	1685.836	1757.786	1831.243	1876.118	2038.594	2145.810	2259.584	2217.201	1966.977	1636.156	1234.672	1197.025	1084.999	1031.597	1228.918	1863.853	1966.953	812.460	613.247	1195.696	1140.136	1166.990	45.805	0.000	119.432
914.940	2307.414	2229.576	2147.614	2045.352	1866.663	1000.107	980.810	697.997	947.690	863.099	735.406	676.919	620.148	794.000	989.227	1090.489	1232.692	1361.211	1800.558	1759.175	1887.770	1883.397	1788.823	1766.812	1803.343	1876.030	1950.676	1995.044	2156.173	2262.523	2375.714	2334.053	2085.662	1754.703	1306.938	1260.446	1147.296	1091.085	1296.809	1958.308	2058.403	931.885	732.502	1306.648	1250.848	1280.750	107.426	119.432	0.000
EOF
