%randomly generated instance
%vessels
3
100	25000	0.23
200	30000	0.28
300	35000	0.33
%ports
11
1	ContinentalPort	CP	0	0
2	Port2	RP	13	1
3	Port3	RP	17	4
4	Port4	RP	26	59
5	Port5	RP	9	32
6	Port6	RP	17	60
7	Port7	RP	50	21
8	Port8	RP	7	10
9	Port9	RP	5	1
10	Port10	RP	44	24
11	Port11	RP	39	39
%distance table
0.000	686.277	626.453	614.903	776.282	789.629	717.214	807.518	1389.153	1320.432	1453.675
686.277	0.000	95.391	231.842	524.852	337.691	205.322	135.518	833.580	742.005	864.907
626.453	95.391	0.000	141.572	445.297	281.096	149.233	182.492	828.891	743.410	871.608
614.903	231.842	141.572	0.000	308.526	187.853	107.744	265.409	782.391	708.053	840.746
776.282	524.852	445.297	308.526	0.000	221.915	326.549	501.186	669.841	630.879	758.200
789.629	337.691	281.096	187.853	221.915	0.000	133.980	285.624	600.001	531.856	665.302
717.214	205.322	149.233	107.744	326.549	133.980	0.000	182.639	693.659	613.890	745.246
807.518	135.518	182.492	265.409	501.186	285.624	182.639	0.000	706.959	612.789	732.992
1389.153	833.580	828.891	782.391	669.841	600.001	693.659	706.959	0.000	101.913	108.000
1320.432	742.005	743.410	708.053	630.879	531.856	613.890	612.789	101.913	0.000	133.451
1453.675	864.907	871.608	840.746	758.200	665.302	745.246	732.992	108.000	133.451	0.000
EOF
