%randomly generated instance
%vessels
3
100	25000	0.23
200	30000	0.28
300	35000	0.33
%ports
21
1	ContinentalPort	CP	0	0
2	Port2	RP	58	3
3	Port3	RP	5	9
4	Port4	RP	18	27
5	Port5	RP	87	13
6	Port6	RP	3	1
7	Port7	RP	27	5
8	Port8	RP	5	85
9	Port9	RP	58	23
10	Port10	RP	3	44
11	Port11	RP	14	17
12	Port12	RP	5	58
13	Port13	RP	43	11
14	Port14	RP	41	28
15	Port15	RP	18	70
16	Port16	RP	2	71
17	Port17	RP	23	20
18	Port18	RP	83	1
19	Port19	RP	8	32
20	Port20	RP	71	11
21	Port21	RP	17	48
%distance table
0.000	814.730	687.617	829.315	711.586	638.534	653.040	747.372	922.135	991.771	943.630	916.754	816.577	839.235	849.230	1725.515	1826.808	1812.884	1810.422	1789.283	1737.315
814.730	0.000	147.730	195.553	322.045	345.989	529.842	666.413	108.672	187.890	418.395	580.260	605.101	349.089	218.792	962.070	1065.772	1098.655	1163.767	1186.862	1034.348
687.617	147.730	0.000	175.481	212.353	213.712	401.212	546.329	243.331	305.203	384.085	503.861	502.053	287.968	202.512	1052.673	1155.729	1167.434	1207.428	1215.872	1097.776
829.315	195.553	175.481	0.000	173.228	230.511	384.451	501.840	212.245	222.471	225.491	387.013	425.070	155.685	27.548	896.673	998.524	998.880	1032.572	1040.447	927.522
711.586	322.045	212.353	173.228	0.000	73.530	213.880	344.397	374.242	395.251	236.309	299.057	290.066	128.666	176.832	1025.922	1124.829	1101.619	1104.433	1093.679	1025.765
638.534	345.989	213.712	230.511	73.530	0.000	187.500	334.343	414.601	446.940	306.844	340.727	304.737	200.797	239.691	1098.863	1198.000	1174.983	1175.483	1162.270	1098.986
653.040	529.842	401.212	384.451	213.880	187.500	0.000	152.213	588.051	606.838	349.660	264.927	168.170	279.236	383.300	1170.003	1263.571	1212.517	1178.587	1145.928	1133.258
747.372	666.413	546.329	501.840	344.397	334.343	152.213	0.000	712.724	719.289	401.073	238.919	114.925	367.546	494.436	1195.800	1283.190	1209.893	1148.638	1100.964	1129.463
922.135	108.672	243.331	212.245	374.242	414.601	588.051	712.724	0.000	84.968	406.671	591.132	637.136	363.608	225.216	859.619	963.251	1004.406	1081.549	1112.610	942.880
991.771	187.890	305.203	222.471	395.251	446.940	606.838	719.289	84.968	0.000	376.046	571.798	633.417	355.888	225.346	775.469	879.144	919.579	999.503	1033.563	858.460
943.630	418.395	384.085	225.491	236.309	306.844	349.660	401.073	406.671	376.046	0.000	201.990	293.111	108.605	200.153	820.721	915.295	875.211	868.640	857.794	797.681
916.754	580.260	503.861	387.013	299.057	340.727	264.927	238.919	591.132	571.798	201.990	0.000	124.982	231.481	368.188	958.214	1044.631	972.264	920.766	882.808	891.950
816.577	605.101	502.053	425.070	290.066	304.737	168.170	114.925	637.136	633.417	293.111	124.982	0.000	277.536	412.969	1080.874	1168.393	1097.199	1042.181	999.739	1016.864
839.235	349.089	287.968	155.685	128.666	200.797	279.236	367.546	363.608	355.888	108.605	231.481	277.536	0.000	138.510	907.465	1004.775	975.181	975.809	966.355	898.745
849.230	218.792	202.512	27.548	176.832	239.691	383.300	494.436	225.216	225.346	200.153	368.188	412.969	138.510	0.000	876.287	977.737	974.986	1006.286	1013.363	903.115
1725.515	962.070	1052.673	896.673	1025.922	1098.863	1170.003	1195.800	859.619	775.469	820.721	958.214	1080.874	907.465	876.287	0.000	103.702	225.928	430.143	540.320	231.326
1826.808	1065.772	1155.729	998.524	1124.829	1198.000	1263.571	1283.190	963.251	879.144	915.295	1044.631	1168.393	1004.775	977.737	103.702	0.000	192.141	411.598	531.020	233.302
1812.884	1098.655	1167.434	998.880	1101.619	1174.983	1212.517	1209.893	1004.406	919.579	875.211	972.264	1097.199	975.181	974.986	225.928	192.141	0.000	219.596	340.146	80.519
1810.422	1163.767	1207.428	1032.572	1104.433	1175.483	1178.587	1148.638	1081.549	999.503	868.640	920.766	1042.181	975.809	1006.286	430.143	411.598	219.596	0.000	123.123	200.993
1789.283	1186.862	1215.872	1040.447	1093.679	1162.270	1145.928	1100.964	1112.610	1033.563	857.794	882.808	999.739	966.355	1013.363	540.320	531.020	340.146	123.123	0.000	309.080
1737.315	1034.348	1097.776	927.522	1025.765	1098.986	1133.258	1129.463	942.880	858.460	797.681	891.950	1016.864	898.745	903.115	231.326	233.302	80.519	200.993	309.080	0.000
EOF
