%randomly generated instance
%vessels
3
100	25000	0.23
200	30000	0.28
300	35000	0.33
%ports
10
1	ContinentalPort	CP	0	0
2	Port2	RP	82	23
3	Port3	RP	93	18
4	Port4	RP	18	96
5	Port5	RP	65	74
6	Port6	RP	43	95
7	Port7	RP	3	28
8	Port8	RP	43	59
9	Port9	RP	50	61
10	Port10	RP	23	4
%distance table
0.000	495.913	797.877	826.598	695.620	502.542	592.086	621.117	643.160	428.046
495.913	0.000	313.325	332.585	267.579	990.763	1065.346	1104.443	1138.960	825.577
797.877	313.325	0.000	155.511	339.062	1278.066	1340.097	1386.017	1439.092	1138.073
826.598	332.585	155.511	0.000	229.353	1323.326	1397.007	1436.912	1468.484	1120.291
695.620	267.579	339.062	229.353	0.000	1197.704	1285.906	1316.735	1320.308	928.119
502.542	990.763	1278.066	1323.326	1197.704	0.000	125.752	122.355	210.713	522.377
592.086	1065.346	1340.097	1397.007	1285.906	125.752	0.000	71.621	273.516	648.129
621.117	1104.443	1386.017	1436.912	1316.735	122.355	71.621	0.000	209.374	628.130
643.160	1138.960	1439.092	1468.484	1320.308	210.713	273.516	209.374	0.000	506.977
428.046	825.577	1138.073	1120.291	928.119	522.377	648.129	628.130	506.977	0.000
EOF
