%randomly generated instance
%vessels
3
100	25000	0.23
200	30000	0.28
300	35000	0.33
%ports
10
1	ContinentalPort	CP	0	0
2	Port2	RP	21	70
3	Port3	RP	19	42
4	Port4	RP	13	14
5	Port5	RP	25	45
6	Port6	RP	8	11
7	Port7	RP	9	12
8	Port8	RP	18	1
9	Port9	RP	7	1
10	Port10	RP	50	49
%distance table
0.000	696.879	778.773	804.547	768.089	750.662	697.129	473.962	450.480	524.964
696.879	0.000	140.425	297.078	1353.228	1380.770	1381.008	621.769	720.639	953.733
778.773	140.425	0.000	173.292	1470.230	1489.995	1473.327	611.879	719.885	1081.438
804.547	297.078	173.292	0.000	1538.876	1544.191	1499.862	531.219	643.831	1176.038
768.089	1353.228	1470.230	1538.876	0.000	135.294	378.585	1231.266	1181.789	436.723
750.662	1380.770	1489.995	1544.191	135.294	0.000	248.408	1195.552	1135.373	515.572
697.129	1381.008	1473.327	1499.862	378.585	248.408	0.000	1085.321	1007.587	652.048
473.962	621.769	611.879	531.219	1231.266	1195.552	1085.321	0.000	112.707	987.145
450.480	720.639	719.885	643.831	1181.789	1135.373	1007.587	112.707	0.000	974.871
524.964	953.733	1081.438	1176.038	436.723	515.572	652.048	987.145	974.871	0.000
EOF
