%randomly generated instance
%vessels
3
100	25000	0.23
200	30000	0.28
300	35000	0.33
%ports
10
1	ContinentalPort	CP	0	0
2	Port2	RP	58	8
3	Port3	RP	7	76
4	Port4	RP	13	80
5	Port5	RP	20	4
6	Port6	RP	42	5
7	Port7	RP	81	11
8	Port8	RP	0	36
9	Port9	RP	4	38
10	Port10	RP	15	27
%distance table
0.000	73.278	66.029	574.355	614.515	509.696	595.783	756.600	474.869	472.883
73.278	0.000	72.880	510.708	559.846	460.113	562.404	825.994	548.145	537.450
66.029	72.880	0.000	521.639	554.543	447.582	529.863	768.074	508.762	529.716
574.355	510.708	521.639	0.000	126.420	167.890	321.985	1220.664	1019.464	1047.008
614.515	559.846	554.543	126.420	0.000	115.157	214.045	1195.214	1027.755	1083.978
509.696	460.113	447.582	167.890	115.157	0.000	171.036	1082.287	913.133	975.211
595.783	562.404	529.863	321.985	214.045	171.036	0.000	1046.102	932.107	1034.004
756.600	825.994	768.074	1220.664	1195.214	1082.287	1046.102	0.000	350.104	578.629
474.869	548.145	508.762	1019.464	1027.755	913.133	932.107	350.104	0.000	244.473
472.883	537.450	529.716	1047.008	1083.978	975.211	1034.004	578.629	244.473	0.000
EOF
