%randomly generated instance
%vessels
3
100	25000	0.23
200	30000	0.28
300	35000	0.33
%ports
10
1	ContinentalPort	CP	0	0
2	Port2	RP	1	54
3	Port3	RP	55	9
4	Port4	RP	17	9
5	Port5	RP	0	5
6	Port6	RP	9	39
7	Port7	RP	13	62
8	Port8	RP	11	1
9	Port9	RP	36	62
10	Port10	RP	4	7
%distance table
0.000	818.945	771.931	864.075	1201.986	1257.069	1357.256	1022.735	924.659	611.421
818.945	0.000	95.578	211.710	1010.635	1150.255	1269.710	1356.171	1330.293	1010.618
771.931	95.578	0.000	147.920	924.012	1060.786	1180.464	1261.805	1237.886	921.613
864.075	211.710	147.920	0.000	806.555	950.927	1069.544	1219.777	1210.971	915.965
1201.986	1010.635	924.012	806.555	0.000	159.404	268.895	743.074	821.536	760.305
1257.069	1150.255	1060.786	950.927	159.404	0.000	119.824	649.376	745.521	752.414
1357.256	1269.710	1180.464	1069.544	268.895	119.824	0.000	662.601	772.132	826.704
1022.735	1356.171	1261.805	1219.777	743.074	649.376	662.601	0.000	130.530	418.305
924.659	1330.293	1237.886	1210.971	821.536	745.521	772.132	130.530	0.000	342.640
611.421	1010.618	921.613	915.965	760.305	752.414	826.704	418.305	342.640	0.000
EOF
