%randomly generated instance
%vessels
3
100	25000	0.23
200	30000	0.28
300	35000	0.33
%ports
20
1	ContinentalPort	CP	0	0
2	Port2	RP	69	7
3	Port3	RP	59	16
4	Port4	RP	26	18
5	Port5	RP	46	38
6	Port6	RP	4	14
7	Port7	RP	0	3
8	Port8	RP	22	35
9	Port9	RP	37	3
10	Port10	RP	19	73
11	Port11	RP	16	49
12	Port12	RP	1	4
13	Port13	RP	0	4
14	Port14	RP	20	37
15	Port15	RP	39	57
16	Port16	RP	13	19
17	Port17	RP	37	24
18	Port18	RP	19	6
19	Port19	RP	10	51
20	Port20	RP	8	76
%distance table
0.000	218.329	396.629	798.508	717.471	905.143	894.102	1089.474	1121.728	1190.135	1461.911	1406.706	1262.228	1365.238	1427.603	1403.731	1352.593	1166.557	714.075	645.039
218.329	0.000	184.876	598.246	506.401	698.342	703.160	884.664	909.905	975.767	1248.924	1209.695	1063.313	1176.195	1299.902	1297.420	1242.088	1074.740	661.435	598.303
396.629	184.876	0.000	494.418	379.573	574.915	523.982	699.903	725.982	793.517	1101.659	1095.893	948.156	1076.181	1276.978	1297.010	1238.579	1094.032	733.893	679.967
798.508	598.246	494.418	0.000	130.338	120.504	660.917	677.602	623.557	638.895	682.035	611.470	465.161	583.018	842.614	901.198	840.329	756.340	610.782	601.617
717.471	506.401	379.573	130.338	0.000	195.719	548.119	596.357	560.482	592.350	744.537	716.336	568.601	698.977	970.747	1023.947	963.152	866.319	660.558	638.153
905.143	698.342	574.915	120.504	195.719	0.000	641.216	617.402	548.197	550.478	564.438	521.189	373.495	509.492	848.772	926.708	866.359	810.178	718.208	714.169
894.102	703.160	523.982	660.917	548.119	641.216	0.000	231.677	318.945	406.533	923.252	1061.251	933.437	1093.491	1489.530	1559.950	1499.137	1413.895	1170.804	1132.653
1089.474	884.664	699.903	677.602	596.357	617.402	231.677	0.000	112.260	192.953	750.080	936.906	827.861	988.681	1448.119	1539.185	1479.476	1426.147	1255.179	1227.946
1121.728	909.905	725.982	623.557	560.482	548.197	318.945	112.260	0.000	87.616	637.820	829.757	725.668	885.520	1360.327	1457.840	1398.840	1357.754	1220.094	1198.561
1190.135	975.767	793.517	638.895	592.350	550.478	406.533	192.953	87.616	0.000	564.248	775.059	681.528	838.486	1333.626	1438.482	1380.492	1352.644	1245.305	1228.307
1461.911	1248.924	1101.659	682.035	744.537	564.438	923.252	750.080	637.820	564.248	0.000	300.403	318.713	403.006	961.338	1101.806	1054.536	1111.408	1211.773	1226.639
1406.706	1209.695	1095.893	611.470	716.336	521.189	1061.251	936.906	829.757	775.059	300.403	0.000	147.737	107.458	662.535	806.400	761.777	839.938	1019.292	1048.011
1262.228	1063.313	948.156	465.161	568.601	373.495	933.437	827.861	725.668	681.528	318.713	147.737	0.000	161.419	677.940	805.860	754.246	794.827	911.865	934.122
1365.238	1176.195	1076.181	583.018	698.977	509.492	1093.491	988.681	885.520	838.486	403.006	107.458	161.419	0.000	558.345	700.106	654.763	734.106	934.801	967.845
1427.603	1299.902	1276.978	842.614	970.747	848.772	1489.530	1448.119	1360.327	1333.626	961.338	662.535	677.940	558.345	0.000	158.002	141.567	338.748	772.010	834.547
1403.731	1297.420	1297.010	901.198	1023.947	926.708	1559.950	1539.185	1457.840	1438.482	1101.806	806.400	805.860	700.106	158.002	0.000	60.870	248.169	713.408	780.516
1352.593	1242.088	1238.579	840.329	963.152	866.359	1499.137	1479.476	1398.840	1380.492	1054.536	761.777	754.246	654.763	141.567	60.870	0.000	212.062	669.899	735.872
1166.557	1074.740	1094.032	756.340	866.319	810.178	1413.895	1426.147	1357.754	1352.644	1111.408	839.938	794.827	734.106	338.748	248.169	212.062	0.000	466.735	534.640
714.075	661.435	733.893	610.782	660.558	718.208	1170.804	1255.179	1220.094	1245.305	1211.773	1019.292	911.865	934.801	772.010	713.408	669.899	466.735	0.000	69.390
645.039	598.303	679.967	601.617	638.153	714.169	1132.653	1227.946	1198.561	1228.307	1226.639	1048.011	934.122	967.845	834.547	780.516	735.872	534.640	69.390	0.000
EOF
