%randomly generated instance
%vessels
3
100	25000	0.23
200	30000	0.28
300	35000	0.33
%ports
20
1	ContinentalPort	CP	0	0
2	Port2	RP	17	29
3	Port3	RP	37	26
4	Port4	RP	1	7
5	Port5	RP	2	46
6	Port6	RP	15	25
7	Port7	RP	3	70
8	Port8	RP	0	52
9	Port9	RP	14	22
10	Port10	RP	12	81
11	Port11	RP	38	5
12	Port12	RP	93	2
13	Port13	RP	57	9
14	Port14	RP	26	7
15	Port15	RP	9	2
16	Port16	RP	18	29
17	Port17	RP	5	1
18	Port18	RP	48	3
19	Port19	RP	53	6
20	Port20	RP	25	7
%distance table
0.000	717.387	857.171	1020.927	1142.442	1185.253	1673.312	1733.871	1802.991	1855.470	1823.462	1733.153	1647.372	1362.778	1447.093	1263.735	957.782	1011.478	895.605	1028.347
717.387	0.000	139.978	304.021	430.354	468.143	1021.709	1129.771	1263.669	1343.691	1366.450	1512.780	1541.055	1327.530	1459.942	1323.112	703.122	555.760	523.884	728.454
857.171	139.978	0.000	164.055	292.430	329.195	911.262	1035.025	1187.580	1274.362	1312.376	1514.350	1566.330	1372.791	1510.372	1385.759	736.957	546.120	547.673	748.055
1020.927	304.021	164.055	0.000	134.981	169.398	795.951	940.966	1116.972	1211.516	1268.710	1535.407	1613.742	1443.971	1585.769	1475.156	808.772	582.100	618.652	804.735
1142.442	430.354	292.430	134.981	0.000	115.076	768.940	934.790	1130.921	1231.256	1304.271	1616.006	1710.034	1553.807	1697.178	1593.462	923.257	684.158	735.496	912.337
1185.253	468.143	329.195	169.398	115.076	0.000	656.699	819.973	1016.195	1116.976	1192.448	1521.371	1626.352	1483.798	1628.568	1534.352	862.763	612.923	680.791	843.642
1673.312	1021.709	911.262	795.951	768.940	656.699	0.000	205.085	445.410	555.242	686.797	1205.595	1400.439	1380.369	1520.082	1501.563	942.296	726.171	856.406	876.499
1733.871	1129.771	1035.025	940.966	934.790	819.973	205.085	0.000	241.295	350.755	488.614	1037.141	1249.663	1264.209	1397.764	1401.516	912.149	738.284	867.327	838.730
1802.991	1263.669	1187.580	1116.972	1130.921	1016.195	445.410	241.295	0.000	109.964	254.678	837.713	1070.467	1130.507	1253.151	1285.420	903.354	791.798	909.437	825.772
1855.470	1343.691	1274.362	1211.516	1231.256	1116.976	555.242	350.755	109.964	0.000	163.650	764.349	1007.840	1093.942	1209.173	1256.700	932.779	849.202	959.884	855.244
1823.462	1366.450	1312.376	1268.710	1304.271	1192.448	686.797	488.614	254.678	163.650	0.000	602.419	850.004	954.909	1063.131	1123.853	876.332	839.064	935.280	800.927
1733.153	1512.780	1514.350	1535.407	1616.006	1521.371	1205.595	1037.141	837.713	764.349	602.419	0.000	263.989	481.375	533.660	662.210	831.442	968.230	991.163	788.909
1647.372	1541.055	1566.330	1613.742	1710.034	1626.352	1400.439	1249.663	1070.467	1007.840	850.004	263.989	0.000	295.270	291.797	454.453	838.018	1031.807	1020.883	818.324
1362.778	1327.530	1372.791	1443.971	1553.807	1483.798	1380.369	1264.209	1130.507	1093.942	954.909	481.375	295.270	0.000	146.149	182.120	637.132	871.280	827.988	641.534
1447.093	1459.942	1510.372	1585.769	1697.178	1628.568	1520.082	1397.764	1253.151	1209.173	1063.131	533.660	291.797	146.149	0.000	188.238	777.415	1015.755	968.232	785.459
1263.735	1323.112	1385.759	1475.156	1593.462	1534.352	1501.563	1401.516	1285.420	1256.700	1123.853	662.210	454.453	182.120	188.238	0.000	671.685	925.387	857.984	696.452
957.782	703.122	736.957	808.772	923.257	862.763	942.296	912.149	903.354	932.779	876.332	831.442	838.018	637.132	777.415	671.685	0.000	259.802	190.902	77.701
1011.478	555.760	546.120	582.100	684.158	612.923	726.171	738.284	791.798	849.202	839.064	968.230	1031.807	871.280	1015.755	925.387	259.802	0.000	130.811	230.825
895.605	523.884	547.673	618.652	735.496	680.791	856.406	867.327	909.437	959.884	935.280	991.163	1020.883	827.988	968.232	857.984	190.902	130.811	0.000	204.599
1028.347	728.454	748.055	804.735	912.337	843.642	876.499	838.730	825.772	855.244	800.927	788.909	818.324	641.534	785.459	696.452	77.701	230.825	204.599	0.000
EOF
