%randomly generated instance
%vessels
3
100	25000	0.23
200	30000	0.28
300	35000	0.33
%ports
20
1	ContinentalPort	CP	0	0
2	Port2	RP	58	18
3	Port3	RP	5	7
4	Port4	RP	10	71
5	Port5	RP	25	9
6	Port6	RP	6	33
7	Port7	RP	22	38
8	Port8	RP	23	52
9	Port9	RP	54	10
10	Port10	RP	44	23
11	Port11	RP	2	59
12	Port12	RP	42	16
13	Port13	RP	46	1
14	Port14	RP	16	12
15	Port15	RP	10	64
16	Port16	RP	46	32
17	Port17	RP	21	23
18	Port18	RP	6	49
19	Port19	RP	59	40
20	Port20	RP	10	5
%distance table
0.000	414.526	397.331	469.975	846.791	863.217	1304.257	1112.737	1378.427	1383.073	1199.251	1119.621	829.352	644.206	395.830	1031.780	1101.575	1492.754	867.097	838.463
414.526	0.000	64.660	77.196	524.292	602.233	1164.883	1109.481	1426.228	1588.439	1444.652	1419.476	1210.062	1033.073	803.504	1326.480	1418.844	1644.574	956.028	895.023
397.331	64.660	0.000	73.947	493.329	558.157	1109.391	1045.757	1361.804	1526.603	1385.581	1365.501	1170.603	996.829	776.222	1272.256	1366.990	1580.671	891.647	830.388
469.975	77.196	73.947	0.000	447.301	529.058	1100.208	1064.390	1386.058	1575.198	1440.742	1427.983	1242.579	1069.757	850.169	1334.536	1431.622	1620.697	928.890	863.527
846.791	524.292	493.329	447.301	0.000	153.431	745.088	859.664	1190.980	1537.493	1464.061	1521.113	1469.952	1326.371	1164.745	1430.392	1547.684	1517.015	860.044	776.964
863.217	602.233	558.157	529.058	153.431	0.000	601.949	708.849	1039.138	1403.399	1342.976	1416.023	1405.979	1275.779	1141.058	1327.414	1448.297	1372.769	731.118	647.061
1304.257	1164.883	1109.391	1100.208	745.088	601.949	0.000	410.022	621.516	1158.689	1201.373	1362.808	1546.347	1480.584	1449.239	1296.057	1422.398	1034.283	671.447	618.145
1112.737	1109.481	1045.757	1064.390	859.664	708.849	410.022	0.000	333.019	767.776	792.303	954.406	1174.198	1135.351	1156.571	890.609	1015.995	682.944	303.577	287.421
1378.427	1426.228	1361.804	1386.058	1190.980	1039.138	621.516	333.019	0.000	582.955	701.014	914.076	1251.412	1261.874	1345.681	879.129	989.056	418.572	511.778	545.680
1383.073	1588.439	1526.603	1575.198	1537.493	1403.399	1158.689	767.776	582.955	0.000	230.499	451.591	905.475	997.808	1185.166	472.841	529.772	233.715	679.006	760.961
1199.251	1444.652	1385.581	1440.742	1464.061	1342.976	1201.373	792.303	701.014	230.499	0.000	231.416	675.038	770.777	969.712	242.390	310.995	446.137	615.561	699.349
1119.621	1419.476	1365.501	1427.983	1521.113	1416.023	1362.808	954.406	914.076	451.591	231.416	0.000	470.190	598.015	830.682	93.608	79.581	676.025	722.790	800.693
829.352	1210.062	1170.603	1242.579	1469.952	1405.979	1546.347	1174.198	1251.412	905.475	675.038	470.190	0.000	187.945	454.035	432.649	405.997	1112.443	878.545	928.467
644.206	1033.073	996.829	1069.757	1326.371	1275.779	1480.584	1135.351	1261.874	997.808	770.777	598.015	187.945	0.000	266.545	537.338	548.178	1184.569	832.074	867.087
395.830	803.504	776.222	850.169	1164.745	1141.058	1449.239	1156.571	1345.681	1185.166	969.712	830.682	454.035	266.545	0.000	756.429	792.356	1345.070	860.704	870.571
1031.780	1326.480	1272.256	1334.536	1430.392	1327.414	1296.057	890.609	879.129	472.841	242.390	93.608	432.649	537.338	756.429	0.000	127.302	683.492	644.714	720.231
1101.575	1418.844	1366.990	1431.622	1547.684	1448.297	1422.398	1015.995	989.056	529.772	310.995	79.581	405.997	548.178	792.356	127.302	0.000	755.345	771.884	846.944
1492.754	1644.574	1580.671	1620.697	1517.015	1372.769	1034.283	682.944	418.572	233.715	446.137	676.025	1112.443	1184.569	1345.070	683.492	755.345	0.000	692.704	764.277
867.097	956.028	891.647	928.890	860.044	731.118	671.447	303.577	511.778	679.006	615.561	722.790	878.545	832.074	860.704	644.714	771.884	692.704	0.000	84.166
838.463	895.023	830.388	863.527	776.964	647.061	618.145	287.421	545.680	760.961	699.349	800.693	928.467	867.087	870.571	720.231	846.944	764.277	84.166	0.000
EOF
