%randomly generated instance
%vessels
3
100	25000	0.23
200	30000	0.28
300	35000	0.33
%ports
100
1	ContinentalPort	CP	0	0
2	Port2	RP	4	26
3	Port3	RP	54	24
4	Port4	RP	0	1
5	Port5	RP	11	5
6	Port6	RP	26	59
7	Port7	RP	3	38
8	Port8	RP	8	7
9	Port9	RP	30	22
10	Port10	RP	13	46
11	Port11	RP	26	57
12	Port12	RP	6	3
13	Port13	RP	46	19
14	Port14	RP	6	1
15	Port15	RP	21	7
16	Port16	RP	20	28
17	Port17	RP	0	3
18	Port18	RP	7	36
19	Port19	RP	8	20
20	Port20	RP	65	11
21	Port21	RP	31	53
22	Port22	RP	26	15
23	Port23	RP	18	65
24	Port24	RP	48	22
25	Port25	RP	63	12
26	Port26	RP	40	14
27	Port27	RP	17	2
28	Port28	RP	8	10
29	Port29	RP	27	40
30	Port30	RP	41	5
31	Port31	RP	0	25
32	Port32	RP	44	13
33	Port33	RP	38	17
34	Port34	RP	16	51
35	Port35	RP	0	7
36	Port36	RP	25	4
37	Port37	RP	11	49
38	Port38	RP	6	33
39	Port39	RP	20	20
40	Port40	RP	11	14
41	Port41	RP	28	70
42	Port42	RP	2	34
43	Port43	RP	14	65
44	Port44	RP	23	24
45	Port45	RP	29	70
46	Port46	RP	3	3
47	Port47	RP	6	26
48	Port48	RP	4	4
49	Port49	RP	2	84
50	Port50	RP	36	12
51	Port51	RP	72	11
52	Port52	RP	66	4
53	Port53	RP	25	42
54	Port54	RP	31	8
55	Port55	RP	0	5
56	Port56	RP	20	7
57	Port57	RP	29	25
58	Port58	RP	7	19
59	Port59	RP	21	17
60	Port60	RP	1	15
61	Port61	RP	0	2
62	Port62	RP	36	31
63	Port63	RP	5	75
64	Port64	RP	4	56
65	Port65	RP	21	1
66	Port66	RP	1	15
67	Port67	RP	11	26
68	Port68	RP	6	1
69	Port69	RP	25	57
70	Port70	RP	25	5
71	Port71	RP	17	3
72	Port72	RP	17	79
73	Port73	RP	0	2
74	Port74	RP	29	8
75	Port75	RP	35	44
76	Port76	RP	44	2
77	Port77	RP	9	78
78	Port78	RP	28	1
79	Port79	RP	34	1
80	Port80	RP	7	17
81	Port81	RP	49	5
82	Port82	RP	35	15
83	Port83	RP	0	3
84	Port84	RP	37	4
85	Port85	RP	49	5
86	Port86	RP	1	44
87	Port87	RP	67	33
88	Port88	RP	33	46
89	Port89	RP	33	24
90	Port90	RP	10	18
91	Port91	RP	0	63
92	Port92	RP	21	2
93	Port93	RP	64	7
94	Port94	RP	32	30
95	Port95	RP	3	39
96	Port96	RP	25	26
97	Port97	RP	15	44
98	Port98	RP	14	27
99	Port99	RP	44	20
100	Port100	RP	23	14
%distance table
0.000	1092.729	1092.729	1130.782	1142.758	1273.028	1282.158	1306.996	1316.593	1352.447	1182.657	1165.658	1096.323	1074.288	981.312	887.811	898.177	939.637	951.318	951.318	951.318	967.304	1007.839	1084.987	981.845	1087.155	1115.564	1115.428	1115.428	1102.886	1102.533	1122.858	1163.908	1131.295	1112.418	1896.807	1917.235	1959.372	1932.876	1932.876	2010.053	2031.052	2008.139	1943.466	1835.537	1886.405	1978.175	1974.454	1969.102	1791.496	1803.972	1844.555	1867.912	1853.616	1847.209	1832.818	1834.020	1892.541	1912.053	1962.324	1973.325	1970.599	1967.655	1963.650	1740.186	1752.670	1750.768	1752.504	1754.122	1780.363	2486.525	2490.096	2486.348	2486.348	2466.144	2378.424	2334.066	2317.742	2327.019	2361.439	2394.339	1555.474	1518.371	1478.295	1503.486	1503.486	1505.604	1164.303	1136.843	1089.973	1076.591	2647.578	2686.496	2707.105	2713.015	2709.636	2712.489	2701.896	2700.919	2694.053
1092.729	0.000	0.000	56.059	89.548	191.062	204.196	256.085	269.728	315.183	95.591	88.830	48.270	45.891	113.439	1748.155	1750.552	1761.137	1764.387	1764.387	1764.387	1781.247	1797.187	1837.888	1568.857	1624.165	1562.770	1519.402	1519.402	1468.442	1466.814	1859.092	1977.220	1973.169	1965.670	994.294	1023.114	1081.753	1072.292	1072.292	1176.743	1214.570	1211.454	1196.153	1205.100	1266.168	1388.632	1405.307	1405.916	2204.331	2212.553	2239.584	2241.363	2202.652	2188.140	2154.245	2155.083	2196.324	2166.809	2148.659	2093.452	2079.630	2063.221	2037.020	1988.594	1961.513	1928.375	1936.109	1943.069	1973.257	1880.509	1891.719	1915.910	1915.910	1915.167	1917.435	1935.756	1945.954	1846.816	1841.045	1825.562	1218.508	1074.389	1077.241	1059.105	1059.105	1053.196	487.405	448.225	405.113	385.875	2922.049	2952.953	2964.785	2955.498	2918.582	2916.162	2881.013	2878.707	2862.244
1092.729	0.000	0.000	56.059	89.548	191.062	204.196	256.085	269.728	315.183	95.591	88.830	48.270	45.891	113.439	1748.155	1750.552	1761.137	1764.387	1764.387	1764.387	1781.247	1797.187	1837.888	1568.857	1624.165	1562.770	1519.402	1519.402	1468.442	1466.814	1859.092	1977.220	1973.169	1965.670	994.294	1023.114	1081.753	1072.292	1072.292	1176.743	1214.570	1211.454	1196.153	1205.100	1266.168	1388.632	1405.307	1405.916	2204.331	2212.553	2239.584	2241.363	2202.652	2188.140	2154.245	2155.083	2196.324	2166.809	2148.659	2093.452	2079.630	2063.221	2037.020	1988.594	1961.513	1928.375	1936.109	1943.069	1973.257	1880.509	1891.719	1915.910	1915.910	1915.167	1917.435	1935.756	1945.954	1846.816	1841.045	1825.562	1218.508	1074.389	1077.241	1059.105	1059.105	1053.196	487.405	448.225	405.113	385.875	2922.049	2952.953	2964.785	2955.498	2918.582	2916.162	2881.013	2878.707	2862.244
1130.782	56.059	56.059	0.000	35.543	143.630	154.926	201.487	214.885	260.033	52.804	100.346	96.541	100.857	161.323	1765.040	1766.951	1775.663	1778.404	1778.404	1778.404	1795.155	1809.556	1847.842	1573.174	1625.108	1559.991	1515.090	1515.090	1463.019	1461.354	1867.927	1989.492	1987.176	1980.420	938.245	967.083	1025.779	1016.480	1016.480	1121.128	1159.144	1156.378	1142.238	1154.864	1215.903	1338.730	1356.036	1356.857	2193.223	2201.173	2227.337	2228.019	2188.348	2173.531	2138.908	2139.722	2179.822	2148.112	2126.792	2068.832	2054.587	2037.664	2010.614	1970.945	1942.159	1907.790	1915.748	1922.907	1953.030	1828.278	1839.666	1864.572	1864.572	1864.398	1869.536	1889.995	1901.125	1798.535	1791.458	1774.530	1181.186	1033.908	1038.936	1018.857	1018.857	1012.633	450.100	412.576	373.861	356.063	2900.528	2930.941	2942.316	2932.346	2893.996	2891.341	2855.187	2852.829	2835.987
1142.758	89.548	89.548	35.543	0.000	131.191	139.422	175.642	188.316	232.360	59.493	130.549	132.009	135.197	185.904	1761.336	1762.926	1770.413	1772.822	1772.822	1772.822	1789.496	1802.903	1839.644	1561.656	1611.550	1544.309	1498.560	1498.560	1445.894	1444.209	1859.022	1982.699	1981.496	1975.223	905.852	934.493	992.843	983.033	983.033	1087.294	1125.044	1121.917	1107.115	1119.343	1180.380	1303.228	1320.586	1321.429	2172.691	2180.494	2206.193	2206.300	2166.141	2151.172	2116.182	2116.984	2156.494	2123.695	2100.843	2041.607	2027.170	2010.016	1982.589	1947.092	1917.469	1882.508	1890.572	1897.826	1927.910	1792.796	1804.168	1829.034	1829.034	1828.857	1834.247	1855.095	1866.433	1763.194	1755.973	1738.987	1148.888	1000.556	1006.330	985.587	985.587	979.261	418.425	381.717	345.217	328.239	2874.627	2904.805	2915.965	2905.677	2866.671	2863.909	2827.306	2824.925	2807.915
1273.028	191.062	191.062	143.630	131.191	0.000	16.561	89.033	102.772	146.014	95.473	161.023	210.966	226.196	303.270	1886.024	1887.251	1893.252	1895.235	1895.235	1895.235	1911.797	1923.843	1958.253	1674.748	1720.415	1648.396	1600.623	1600.623	1546.526	1544.793	1976.477	2103.334	2103.668	2098.026	831.296	861.311	922.209	917.205	917.205	1024.905	1065.526	1067.158	1064.247	1101.188	1161.585	1285.591	1306.143	1308.060	2262.140	2269.454	2293.575	2291.710	2249.874	2234.374	2198.095	2198.850	2236.082	2199.006	2169.562	2104.346	2088.973	2070.670	2041.320	2024.968	1992.001	1954.592	1963.099	1970.746	2000.604	1759.433	1771.919	1801.106	1801.106	1804.214	1824.199	1854.379	1869.494	1751.593	1737.927	1713.123	1182.445	1025.318	1038.266	1011.332	1011.332	1003.999	469.212	439.711	417.338	405.049	2942.614	2971.680	2981.818	2970.022	2927.807	2924.504	2885.598	2883.095	2865.208
1282.158	204.196	204.196	154.926	139.422	16.561	0.000	72.957	86.519	129.477	108.884	177.286	225.915	240.562	315.589	1888.749	1889.836	1895.302	1897.140	1897.140	1897.140	1913.661	1925.264	1958.971	1674.082	1718.770	1645.779	1597.626	1597.626	1543.277	1541.536	1976.869	2104.635	2105.463	2100.036	814.782	844.785	905.664	900.644	900.644	1008.350	1048.986	1050.666	1047.991	1085.864	1146.209	1270.236	1290.942	1292.915	2256.782	2264.016	2287.884	2285.715	2243.634	2228.058	2191.596	2192.343	2229.240	2191.577	2161.275	2095.338	2079.857	2061.423	2031.857	2017.928	1984.510	1946.784	1955.348	1963.045	1992.866	1743.371	1755.892	1785.229	1785.229	1788.464	1809.126	1839.831	1855.178	1736.450	1722.470	1697.334	1170.716	1012.918	1026.487	999.026	999.026	991.613	460.427	431.902	411.411	399.823	2934.124	2963.048	2973.059	2961.081	2918.488	2915.122	2875.956	2873.440	2855.455
1306.996	256.085	256.085	201.487	175.642	89.033	72.957	0.000	14.319	60.120	166.346	245.052	285.712	297.230	361.195	1882.947	1883.415	1886.502	1887.696	1887.696	1887.696	1904.026	1913.673	1944.289	1653.723	1694.227	1617.253	1567.581	1567.581	1512.254	1510.480	1960.760	2092.375	2095.371	2090.895	746.524	776.212	836.549	830.498	830.498	937.682	977.888	978.924	975.252	1013.500	1073.766	1197.818	1218.765	1220.831	2216.741	2223.661	2246.527	2243.176	2200.164	2184.300	2147.149	2147.869	2183.467	2143.596	2110.114	2041.576	2025.713	2006.817	1976.492	1971.497	1936.390	1897.497	1906.266	1914.147	1943.815	1670.431	1682.941	1712.289	1712.289	1715.591	1737.147	1768.906	1784.783	1664.350	1649.896	1624.437	1108.007	948.152	963.725	934.573	934.573	926.909	410.541	386.317	374.043	365.652	2882.011	2910.417	2919.968	2907.338	2863.412	2859.825	2819.750	2817.188	2798.867
1316.593	269.728	269.728	214.885	188.316	102.772	86.519	14.319	0.000	45.919	180.502	259.362	299.820	311.146	374.096	1887.178	1887.529	1890.164	1891.234	1891.234	1891.234	1907.525	1916.792	1946.797	1655.143	1694.771	1616.967	1566.979	1566.979	1511.452	1509.672	1962.982	2095.337	2098.753	2094.460	732.209	761.894	822.232	816.212	816.212	923.430	963.678	964.808	961.485	1000.882	1061.082	1185.149	1206.271	1208.399	2213.793	2220.638	2243.268	2239.640	2196.410	2180.480	2143.168	2143.881	2179.161	2138.752	2104.472	2035.263	2019.300	2000.283	1969.756	1967.054	1931.534	1892.353	1901.173	1909.099	1938.726	1656.913	1669.466	1698.993	1698.993	1702.445	1724.764	1757.091	1773.214	1651.893	1637.088	1611.247	1099.274	938.791	955.012	925.320	925.320	917.575	406.083	383.075	372.897	365.295	2876.070	2904.340	2913.772	2900.971	2856.694	2853.049	2812.731	2810.156	2791.745
1352.447	315.183	315.183	260.033	232.360	146.014	129.477	60.120	45.919	0.000	226.421	304.639	345.730	356.919	418.259	1907.609	1907.610	1908.885	1909.582	1909.582	1909.582	1925.749	1933.863	1961.996	1667.107	1703.987	1623.608	1572.640	1572.640	1516.509	1514.708	1977.299	2111.877	2116.568	2112.831	686.673	716.446	776.965	771.403	771.403	878.943	919.512	921.279	919.892	964.504	1024.398	1148.480	1170.327	1172.712	2211.622	2218.223	2240.071	2235.529	2191.594	2175.446	2137.611	2138.302	2172.514	2130.314	2093.345	2021.866	2005.565	1986.135	1954.924	1960.015	1923.123	1882.986	1891.975	1900.050	1929.525	1616.408	1629.160	1659.502	1659.502	1663.614	1689.151	1723.752	1740.840	1615.987	1599.721	1572.236	1077.840	915.220	933.801	902.164	902.164	894.127	401.643	382.908	379.591	374.531	2863.766	2891.569	2900.590	2887.209	2841.732	2837.884	2796.733	2794.115	2775.392
1182.657	95.591	95.591	52.804	59.493	95.473	108.884	166.346	180.502	226.421	0.000	87.883	119.435	132.274	208.177	1816.233	1818.027	1826.250	1828.848	1828.848	1828.848	1845.566	1859.509	1897.000	1620.252	1670.663	1603.731	1558.038	1558.038	1505.387	1503.702	1916.687	2039.385	2037.586	2031.038	911.613	941.026	1000.794	993.392	993.392	1099.516	1138.710	1137.828	1128.362	1150.691	1211.577	1335.028	1353.610	1354.854	2231.817	2239.586	2265.166	2265.103	2224.780	2209.755	2174.625	2175.422	2214.676	2181.320	2157.466	2097.175	2082.559	2065.183	2037.374	2005.033	1974.950	1939.621	1947.754	1955.068	1985.124	1818.774	1830.613	1857.255	1857.255	1858.388	1869.314	1893.469	1906.095	1797.650	1788.017	1767.978	1197.227	1046.197	1054.031	1031.490	1031.490	1024.858	469.193	434.027	400.466	384.314	2931.238	2961.235	2972.223	2961.672	2922.080	2919.216	2882.165	2879.760	2862.574
1165.658	88.830	88.830	100.346	130.549	161.023	177.286	245.052	259.362	304.639	87.883	0.000	69.344	91.630	186.176	1835.404	1837.945	1849.020	1852.385	1852.385	1852.385	1869.266	1885.503	1926.531	1657.628	1712.596	1650.466	1606.684	1606.684	1555.380	1553.740	1947.831	2065.537	2061.146	2053.474	991.267	1021.081	1081.564	1075.468	1075.468	1182.394	1222.226	1222.309	1214.689	1238.572	1299.454	1422.911	1441.474	1442.702	2289.116	2297.209	2323.815	2325.023	2285.780	2271.093	2236.769	2237.593	2278.136	2247.157	2226.619	2169.058	2154.849	2137.962	2110.949	2069.646	2041.380	2007.328	2015.232	2022.342	2052.483	1906.064	1917.986	1944.889	1944.889	1946.157	1957.058	1980.672	1992.961	1885.446	1875.900	1855.701	1279.335	1130.278	1136.654	1115.402	1115.402	1108.963	548.968	512.072	474.150	456.408	3000.313	3030.822	3042.278	3032.415	2994.233	2991.598	2955.508	2953.152	2936.323
1096.323	48.270	48.270	96.541	132.009	210.966	225.915	285.712	299.820	345.730	119.435	69.344	0.000	22.745	117.541	1771.353	1774.131	1786.156	1789.790	1789.790	1789.790	1806.720	1823.795	1866.210	1601.122	1658.480	1599.273	1556.770	1556.770	1506.430	1504.823	1888.184	2003.803	1998.462	1990.402	1029.763	1058.966	1118.304	1109.987	1109.987	1215.323	1253.811	1251.675	1238.528	1250.855	1311.909	1434.589	1451.596	1452.308	2244.892	2253.239	2280.667	2282.941	2244.659	2230.280	2196.701	2197.549	2239.254	2210.606	2193.593	2139.265	2125.569	2109.309	2083.344	2032.019	2005.589	1972.901	1980.555	1987.443	2017.648	1924.804	1936.175	1960.948	1960.948	1960.609	1964.341	1983.327	1993.733	1893.569	1887.187	1870.821	1266.732	1122.632	1125.503	1107.357	1107.357	1101.435	535.668	496.435	452.956	433.545	2966.788	2997.858	3009.843	3000.781	2964.317	2961.967	2927.113	2924.823	2908.467
1074.288	45.891	45.891	100.857	135.197	226.196	240.562	297.230	311.146	356.919	132.274	91.630	22.745	0.000	94.833	1748.936	1751.750	1763.927	1767.606	1767.606	1767.606	1784.545	1801.769	1844.447	1580.187	1638.096	1579.610	1537.435	1537.435	1487.351	1485.752	1866.556	1981.767	1976.259	1968.134	1038.519	1067.483	1126.372	1117.277	1117.277	1221.985	1259.979	1257.071	1242.032	1250.462	1311.534	1433.888	1450.372	1450.914	2226.957	2235.371	2263.015	2265.576	2227.558	2213.264	2179.894	2180.748	2222.769	2194.772	2178.760	2125.372	2111.827	2095.753	2070.100	2015.909	1989.998	1957.702	1965.283	1972.107	2002.326	1926.285	1937.466	1961.516	1961.516	1960.638	1961.997	1979.471	1989.266	1891.520	1886.184	1871.099	1258.309	1115.868	1117.629	1100.478	1100.478	1094.726	528.050	488.206	443.114	423.251	2951.733	2982.961	2995.094	2986.262	2950.294	2948.027	2913.534	2911.263	2895.046
981.312	113.439	113.439	161.323	185.904	303.270	315.589	361.195	374.096	418.259	208.177	186.176	117.541	94.833	0.000	1656.852	1659.881	1672.950	1676.890	1676.890	1676.890	1693.872	1711.927	1756.026	1496.174	1556.836	1501.956	1461.423	1461.423	1412.628	1411.073	1778.842	1891.842	1885.402	1876.909	1084.688	1112.621	1169.567	1157.475	1157.475	1259.373	1295.306	1289.348	1266.785	1259.289	1320.232	1440.879	1455.144	1454.976	2157.166	2165.890	2194.530	2198.423	2161.653	2147.763	2115.373	2116.258	2159.705	2134.719	2123.273	2074.176	2061.324	2046.100	2021.867	1954.720	1931.216	1900.742	1907.985	1914.509	1944.761	1941.300	1951.687	1972.721	1972.721	1969.617	1961.086	1972.167	1979.361	1891.952	1890.990	1881.244	1232.944	1098.275	1095.199	1082.457	1082.457	1077.463	512.166	470.439	419.133	397.744	2894.809	2926.729	2939.529	2931.730	2897.997	2896.101	2863.234	2861.049	2845.459
887.811	1748.155	1748.155	1765.040	1761.336	1886.024	1888.749	1882.947	1887.178	1907.609	1816.233	1835.404	1771.353	1748.936	1656.852	0.000	16.103	78.160	95.062	95.062	95.062	102.850	155.728	244.854	422.353	504.300	617.408	665.875	665.875	704.856	706.156	287.575	277.006	244.780	228.739	2231.663	2241.114	2261.410	2224.473	2224.473	2264.400	2267.127	2231.209	2137.575	1960.209	1990.606	2036.670	2017.332	2008.388	1077.656	1091.238	1135.299	1171.030	1177.777	1178.802	1182.432	1183.689	1244.820	1299.227	1394.185	1456.152	1462.965	1471.562	1486.477	1170.323	1213.105	1238.225	1234.400	1231.052	1247.196	2469.050	2465.578	2438.549	2438.549	2404.784	2255.452	2166.896	2131.682	2228.368	2290.473	2358.735	1539.928	1599.835	1543.455	1591.136	1591.136	1598.454	1569.845	1564.943	1544.529	1543.180	1933.496	1974.609	1999.214	2014.211	2032.521	2038.579	2044.988	2044.975	2045.094
898.177	1750.552	1750.552	1766.951	1762.926	1887.251	1889.836	1883.415	1887.529	1907.610	1818.027	1837.945	1774.131	1751.750	1659.881	16.103	0.000	62.057	78.959	78.959	78.959	86.976	139.785	228.988	410.124	490.525	604.412	653.450	653.450	693.131	694.453	271.737	265.865	236.392	221.777	2226.978	2236.223	2256.110	2219.044	2219.044	2258.281	2260.697	2224.612	2130.636	1952.434	1982.454	2027.735	2008.187	1999.202	1061.559	1075.141	1119.201	1154.927	1161.691	1162.730	1166.410	1167.667	1228.790	1283.321	1378.488	1440.783	1447.668	1456.355	1471.424	1154.770	1197.760	1223.096	1219.224	1215.834	1231.871	2458.491	2454.924	2427.598	2427.598	2393.678	2243.664	2154.623	2119.205	2216.928	2279.345	2348.027	1530.836	1592.139	1535.648	1583.565	1583.565	1590.948	1567.842	1563.368	1543.507	1542.387	1917.502	1958.611	1983.203	1998.170	2016.433	2022.487	2028.885	2028.872	2028.992
939.637	1761.137	1761.137	1775.663	1770.413	1893.252	1895.302	1886.502	1890.164	1908.885	1826.250	1849.020	1786.156	1763.927	1672.950	78.160	62.057	0.000	16.902	16.902	16.902	28.325	78.951	168.264	365.813	438.927	555.851	607.189	607.189	649.701	651.112	211.074	228.534	212.551	204.812	2209.930	2218.366	2236.651	2199.102	2199.102	2235.627	2236.832	2200.108	2104.834	1923.438	1951.962	1994.141	1973.779	1964.637	999.525	1013.106	1057.165	1092.870	1099.704	1100.801	1104.687	1105.944	1167.033	1222.072	1318.084	1381.711	1388.889	1397.941	1413.633	1094.980	1138.817	1165.037	1160.971	1157.410	1173.009	2418.369	2414.428	2385.938	2385.938	2351.418	2198.745	2107.808	2071.590	2173.395	2237.028	2307.347	1496.903	1563.680	1506.796	1555.602	1555.602	1563.237	1561.651	1558.839	1541.139	1540.899	1855.884	1896.974	1921.513	1936.362	1954.438	1960.476	1966.829	1966.815	1966.939
951.318	1764.387	1764.387	1778.404	1772.822	1895.235	1897.140	1887.696	1891.234	1909.582	1828.848	1852.385	1789.790	1767.606	1676.890	95.062	78.959	16.902	0.000	0.000	0.000	17.176	62.798	151.912	354.668	425.358	543.102	595.088	595.088	638.406	639.842	194.704	220.308	208.799	203.252	2205.566	2213.779	2231.621	2193.943	2193.943	2229.716	2230.586	2193.691	2098.069	1915.812	1943.918	1985.229	1964.643	1955.458	982.630	996.211	1040.269	1075.968	1082.822	1083.936	1087.883	1089.139	1150.219	1205.404	1301.659	1365.667	1372.930	1382.087	1397.956	1078.740	1122.822	1149.296	1145.174	1141.564	1157.035	2407.603	2403.558	2374.746	2374.746	2340.061	2186.656	2095.194	2058.755	2161.695	2225.662	2296.433	1487.975	1556.267	1499.287	1548.329	1548.329	1556.032	1560.388	1558.032	1540.926	1540.927	1839.106	1880.191	1904.715	1919.530	1937.553	1943.586	1949.927	1949.913	1950.038
951.318	1764.387	1764.387	1778.404	1772.822	1895.235	1897.140	1887.696	1891.234	1909.582	1828.848	1852.385	1789.790	1767.606	1676.890	95.062	78.959	16.902	0.000	0.000	0.000	17.176	62.798	151.912	354.668	425.358	543.102	595.088	595.088	638.406	639.842	194.704	220.308	208.799	203.252	2205.566	2213.779	2231.621	2193.943	2193.943	2229.716	2230.586	2193.691	2098.069	1915.812	1943.918	1985.229	1964.643	1955.458	982.630	996.211	1040.269	1075.968	1082.822	1083.936	1087.883	1089.139	1150.219	1205.404	1301.659	1365.667	1372.930	1382.087	1397.956	1078.740	1122.822	1149.296	1145.174	1141.564	1157.035	2407.603	2403.558	2374.746	2374.746	2340.061	2186.656	2095.194	2058.755	2161.695	2225.662	2296.433	1487.975	1556.267	1499.287	1548.329	1548.329	1556.032	1560.388	1558.032	1540.926	1540.927	1839.106	1880.191	1904.715	1919.530	1937.553	1943.586	1949.927	1949.913	1950.038
951.318	1764.387	1764.387	1778.404	1772.822	1895.235	1897.140	1887.696	1891.234	1909.582	1828.848	1852.385	1789.790	1767.606	1676.890	95.062	78.959	16.902	0.000	0.000	0.000	17.176	62.798	151.912	354.668	425.358	543.102	595.088	595.088	638.406	639.842	194.704	220.308	208.799	203.252	2205.566	2213.779	2231.621	2193.943	2193.943	2229.716	2230.586	2193.691	2098.069	1915.812	1943.918	1985.229	1964.643	1955.458	982.630	996.211	1040.269	1075.968	1082.822	1083.936	1087.883	1089.139	1150.219	1205.404	1301.659	1365.667	1372.930	1382.087	1397.956	1078.740	1122.822	1149.296	1145.174	1141.564	1157.035	2407.603	2403.558	2374.746	2374.746	2340.061	2186.656	2095.194	2058.755	2161.695	2225.662	2296.433	1487.975	1556.267	1499.287	1548.329	1548.329	1556.032	1560.388	1558.032	1540.926	1540.927	1839.106	1880.191	1904.715	1919.530	1937.553	1943.586	1949.927	1949.913	1950.038
967.304	1781.247	1781.247	1795.155	1789.496	1911.797	1913.661	1904.026	1907.525	1925.749	1845.566	1869.266	1806.720	1784.545	1693.872	102.850	86.976	28.325	17.176	17.176	17.176	0.000	52.948	142.014	362.874	430.077	548.985	601.844	601.844	646.171	647.636	184.761	203.196	192.022	187.150	2219.274	2227.344	2244.893	2207.128	2207.128	2242.369	2242.990	2205.965	2110.076	1927.118	1954.857	1995.361	1974.557	1965.330	975.746	989.331	1033.403	1069.507	1077.182	1078.583	1083.209	1084.463	1145.440	1201.710	1299.171	1364.582	1372.110	1381.582	1397.955	1077.013	1121.920	1149.148	1144.868	1141.115	1156.196	2415.754	2411.589	2382.393	2382.393	2347.507	2193.164	2100.976	2064.214	2168.716	2233.102	2304.415	1498.125	1567.774	1510.718	1559.954	1559.954	1567.713	1575.790	1573.633	1556.770	1556.862	1830.727	1871.851	1896.493	1911.607	1930.342	1936.475	1943.365	1943.383	1943.732
1007.839	1797.187	1797.187	1809.556	1802.903	1923.843	1925.264	1913.673	1916.792	1933.863	1859.509	1885.503	1823.795	1801.769	1711.927	155.728	139.785	78.951	62.798	62.798	62.798	52.948	0.000	89.352	337.329	394.231	515.471	570.469	570.469	617.521	619.069	132.160	180.035	185.723	188.714	2211.397	2218.748	2234.868	2196.707	2196.707	2229.504	2229.040	2191.473	2094.500	1908.821	1935.158	1972.752	1951.210	1941.845	922.972	936.558	980.631	1016.866	1024.911	1026.474	1031.545	1032.797	1093.694	1150.818	1249.460	1316.554	1324.437	1334.345	1351.448	1028.247	1074.212	1102.507	1097.995	1094.037	1108.562	2386.702	2382.184	2351.894	2351.894	2316.451	2159.624	2065.626	2028.092	2136.540	2202.059	2274.897	1475.827	1550.449	1493.129	1543.098	1543.098	1551.074	1578.111	1577.368	1562.356	1563.187	1777.793	1818.914	1843.549	1858.660	1877.474	1883.627	1890.664	1890.692	1891.122
1084.987	1837.888	1837.888	1847.842	1839.644	1958.253	1958.971	1944.289	1946.797	1961.996	1897.000	1926.531	1866.210	1844.447	1756.026	244.854	228.988	168.264	151.912	151.912	151.912	142.014	89.352	0.000	321.995	354.577	477.819	536.272	536.272	588.073	589.763	42.811	162.021	197.104	211.960	2212.625	2218.738	2232.381	2193.587	2193.587	2222.107	2219.749	2181.281	2082.535	1892.319	1916.107	1948.390	1925.534	1915.932	835.883	849.468	893.539	930.354	939.784	941.889	948.351	949.597	1010.210	1069.731	1171.367	1242.468	1251.171	1262.076	1280.820	952.771	1001.216	1031.956	1026.916	1022.486	1035.682	2349.993	2344.820	2312.507	2312.507	2276.048	2114.644	2017.247	1978.244	2094.190	2161.790	2237.423	1453.026	1536.418	1478.781	1529.920	1529.920	1538.263	1597.544	1599.110	1587.134	1589.153	1688.991	1730.138	1754.857	1770.214	1789.749	1796.019	1803.760	1803.831	1804.581
981.845	1568.857	1568.857	1573.174	1561.656	1674.748	1674.082	1653.723	1655.143	1667.107	1620.252	1657.628	1601.122	1580.187	1496.174	422.353	410.124	365.813	354.668	354.668	354.668	362.874	337.329	321.995	0.000	110.169	198.486	243.636	243.636	283.895	285.301	323.826	483.979	512.817	521.789	1891.576	1897.354	1910.545	1871.686	1871.686	1900.238	1898.173	1859.900	1761.642	1573.379	1598.756	1635.432	1613.895	1604.542	810.339	822.982	864.192	889.573	879.637	875.113	866.035	867.279	927.798	961.873	1036.056	1078.514	1082.099	1087.004	1096.347	807.327	837.986	853.542	851.607	849.999	870.484	2052.978	2048.899	2020.152	2020.152	1985.606	1833.778	1744.552	1709.381	1807.778	1871.216	1941.767	1138.564	1216.147	1158.623	1209.302	1209.302	1217.513	1291.555	1296.185	1288.735	1292.623	1671.217	1710.793	1732.423	1740.675	1743.841	1747.800	1743.359	1742.751	1738.619
1087.155	1624.165	1624.165	1625.108	1611.550	1720.415	1718.770	1694.227	1694.771	1703.987	1670.663	1712.596	1658.480	1638.096	1556.836	504.300	490.525	438.927	425.358	425.358	425.358	430.077	394.231	354.577	110.169	0.000	123.245	182.256	182.256	236.680	238.470	342.839	512.037	551.677	565.508	1888.492	1892.463	1902.041	1862.389	1862.389	1884.689	1879.902	1840.420	1739.824	1545.338	1566.910	1595.789	1572.360	1562.667	704.392	716.830	757.451	781.701	770.529	765.689	756.079	757.321	817.762	851.843	927.392	972.777	977.052	982.842	993.744	698.730	731.227	748.894	746.487	744.472	764.109	1996.080	1991.111	1959.607	1959.607	1923.656	1765.478	1671.563	1634.378	1742.962	1809.308	1883.736	1101.889	1192.967	1135.206	1187.488	1187.488	1196.232	1319.277	1327.291	1324.416	1330.002	1562.972	1602.396	1623.811	1631.657	1634.126	1638.011	1633.291	1632.672	1628.483
1115.564	1562.770	1562.770	1559.991	1544.309	1648.396	1645.779	1617.253	1616.967	1623.608	1603.731	1650.466	1599.273	1579.610	1501.956	617.408	604.412	555.851	543.102	543.102	543.102	548.985	515.471	477.819	198.486	123.245	0.000	61.048	61.048	119.456	121.351	465.366	634.812	674.921	688.677	1779.001	1782.025	1789.798	1749.816	1749.816	1769.325	1763.457	1723.549	1622.191	1425.850	1446.351	1473.577	1449.870	1440.132	695.220	706.521	743.709	761.598	742.011	734.305	717.843	719.032	777.116	798.483	859.962	892.285	894.364	897.597	904.543	632.622	655.710	665.969	665.028	664.348	686.863	1873.061	1868.171	1836.992	1836.992	1801.253	1644.465	1552.101	1515.739	1621.071	1686.879	1760.810	980.595	1075.585	1017.860	1070.634	1070.634	1079.567	1232.472	1243.341	1244.571	1251.697	1535.071	1573.417	1593.352	1598.244	1594.093	1597.012	1587.455	1586.570	1580.469
1115.428	1519.402	1519.402	1515.090	1498.560	1600.623	1597.626	1567.581	1566.979	1572.640	1558.038	1606.684	1556.770	1537.435	1461.423	665.875	653.450	607.189	595.088	595.088	595.088	601.844	570.469	536.272	243.636	182.256	61.048	0.000	0.000	59.454	61.366	525.068	694.290	733.254	746.352	1718.933	1721.771	1729.231	1689.200	1689.200	1708.373	1702.434	1662.512	1561.143	1364.910	1385.612	1413.574	1390.104	1380.411	717.332	727.993	763.219	777.898	754.322	745.233	725.369	726.519	782.800	796.973	849.717	873.579	874.192	875.688	879.877	625.221	642.073	647.272	647.339	647.569	671.778	1816.482	1811.832	1781.445	1781.445	1746.136	1591.584	1501.212	1465.808	1566.894	1631.735	1704.520	920.074	1014.540	956.817	1009.606	1009.606	1018.548	1179.504	1191.421	1194.216	1201.930	1543.984	1581.697	1600.835	1604.198	1596.591	1598.993	1586.861	1585.833	1578.705
1115.428	1519.402	1519.402	1515.090	1498.560	1600.623	1597.626	1567.581	1566.979	1572.640	1558.038	1606.684	1556.770	1537.435	1461.423	665.875	653.450	607.189	595.088	595.088	595.088	601.844	570.469	536.272	243.636	182.256	61.048	0.000	0.000	59.454	61.366	525.068	694.290	733.254	746.352	1718.933	1721.771	1729.231	1689.200	1689.200	1708.373	1702.434	1662.512	1561.143	1364.910	1385.612	1413.574	1390.104	1380.411	717.332	727.993	763.219	777.898	754.322	745.233	725.369	726.519	782.800	796.973	849.717	873.579	874.192	875.688	879.877	625.221	642.073	647.272	647.339	647.569	671.778	1816.482	1811.832	1781.445	1781.445	1746.136	1591.584	1501.212	1465.808	1566.894	1631.735	1704.520	920.074	1014.540	956.817	1009.606	1009.606	1018.548	1179.504	1191.421	1194.216	1201.930	1543.984	1581.697	1600.835	1604.198	1596.591	1598.993	1586.861	1585.833	1578.705
1102.886	1468.442	1468.442	1463.019	1445.894	1546.526	1543.277	1512.254	1511.452	1516.509	1505.387	1555.380	1506.430	1487.351	1412.628	704.856	693.131	649.701	638.406	638.406	638.406	646.171	617.521	588.073	283.895	236.680	119.456	59.454	59.454	0.000	1.912	578.904	747.507	784.539	796.625	1659.682	1662.621	1670.345	1630.371	1630.371	1650.228	1644.660	1604.902	1503.863	1308.703	1330.280	1360.366	1337.470	1327.880	755.887	766.012	799.564	811.628	784.898	774.701	752.062	753.170	807.596	815.261	859.478	874.738	873.826	873.491	874.718	639.157	649.806	649.826	650.933	652.091	677.824	1769.705	1765.451	1736.341	1736.341	1701.719	1550.597	1463.126	1429.074	1524.002	1587.327	1658.259	865.612	957.091	899.342	951.921	951.921	960.786	1122.304	1134.821	1138.578	1146.667	1569.695	1606.805	1625.215	1627.212	1616.495	1618.420	1603.931	1602.773	1594.696
1102.533	1466.814	1466.814	1461.354	1444.209	1544.793	1541.536	1510.480	1509.672	1514.708	1503.702	1553.740	1504.823	1485.752	1411.073	706.156	694.453	651.112	639.842	639.842	639.842	647.636	619.069	589.763	285.301	238.470	121.351	61.366	61.366	1.912	0.000	580.653	749.234	786.207	798.262	1657.777	1660.720	1668.452	1628.481	1628.481	1648.360	1642.804	1603.052	1502.024	1306.901	1328.507	1358.664	1335.787	1326.201	757.172	767.279	800.779	812.762	785.936	775.706	752.982	754.089	808.453	815.914	859.859	874.843	873.882	873.487	874.619	639.691	650.143	649.998	651.138	652.326	678.104	1768.214	1763.972	1734.905	1734.905	1700.306	1549.299	1461.925	1427.919	1522.641	1585.916	1656.785	863.871	955.248	897.498	950.070	950.070	958.932	1120.468	1133.006	1136.795	1144.897	1570.552	1607.642	1626.028	1627.983	1617.167	1619.077	1604.513	1603.351	1595.244
1122.858	1859.092	1859.092	1867.927	1859.022	1976.477	1976.869	1960.760	1962.982	1977.299	1916.687	1947.831	1888.184	1866.556	1778.842	287.575	271.737	211.074	194.704	194.704	194.704	184.761	132.160	42.811	323.826	342.839	465.366	525.068	525.068	578.904	580.653	0.000	169.620	215.368	234.160	2215.063	2220.580	2233.029	2193.953	2193.953	2220.402	2217.132	2178.252	2078.710	1886.430	1908.960	1938.627	1915.145	1905.433	794.480	808.061	852.121	889.263	899.482	901.893	909.135	910.377	970.806	1031.627	1134.839	1208.046	1217.179	1228.606	1248.204	917.826	967.572	999.598	994.279	989.600	1002.067	2333.945	2328.451	2295.153	2295.153	2258.208	2094.609	1995.564	1955.847	2075.472	2144.070	2221.048	1444.497	1532.068	1474.348	1525.993	1525.993	1534.503	1609.081	1611.726	1601.177	1603.748	1646.535	1687.696	1712.465	1727.959	1747.895	1754.228	1762.352	1762.446	1763.370
1163.908	1977.220	1977.220	1989.492	1982.699	2103.334	2104.635	2092.375	2095.337	2111.877	2039.385	2065.537	2003.803	1981.767	1891.842	277.006	265.865	228.534	220.308	220.308	220.308	203.196	180.035	162.021	483.979	512.037	634.812	694.290	694.290	747.507	749.234	169.620	0.000	63.163	90.673	2373.937	2380.239	2394.172	2355.431	2355.431	2384.128	2381.736	2343.229	2244.367	2053.600	2076.883	2107.683	2084.382	2074.698	897.237	910.588	953.945	994.373	1011.956	1016.837	1029.645	1030.849	1089.518	1157.977	1268.500	1349.768	1360.349	1373.438	1395.569	1058.983	1112.844	1148.505	1142.431	1137.059	1147.270	2503.162	2497.572	2463.912	2463.912	2426.753	2261.869	2161.499	2121.105	2243.583	2312.683	2390.174	1613.055	1698.119	1640.458	1691.709	1691.709	1700.084	1752.557	1752.887	1739.117	1740.386	1724.878	1766.258	1792.170	1810.771	1837.900	1845.193	1858.584	1858.973	1861.995
1131.295	1973.169	1973.169	1987.176	1981.496	2103.668	2105.463	2095.371	2098.753	2116.568	2037.586	2061.146	1998.462	1976.259	1885.402	244.780	236.392	212.551	208.799	208.799	208.799	192.022	185.723	197.104	512.817	551.677	674.921	733.254	733.254	784.539	786.207	215.368	63.163	0.000	28.021	2395.969	2403.031	2418.472	2380.110	2380.110	2411.373	2410.101	2372.116	2274.261	2086.025	2110.759	2144.531	2121.936	2112.376	960.355	973.712	1017.084	1057.467	1074.818	1079.581	1092.039	1093.246	1152.067	1219.925	1329.626	1409.562	1419.844	1432.565	1454.079	1118.728	1171.733	1206.477	1200.609	1195.418	1206.198	2546.887	2541.637	2509.011	2509.011	2472.354	2309.684	2210.921	2171.208	2290.059	2358.143	2434.235	1648.675	1728.959	1671.440	1722.064	1722.064	1730.237	1763.274	1762.106	1746.357	1746.838	1787.215	1828.599	1854.577	1873.357	1900.816	1908.143	1921.678	1922.073	1925.129
1112.418	1965.670	1965.670	1980.420	1975.223	2098.026	2100.036	2090.895	2094.460	2112.831	2031.038	2053.474	1990.402	1968.134	1876.909	228.739	221.777	204.812	203.252	203.252	203.252	187.150	188.714	211.960	521.789	565.508	688.677	746.352	746.352	796.625	798.262	234.160	90.673	28.021	0.000	2400.015	2407.430	2423.575	2385.399	2385.399	2417.868	2417.130	2379.401	2282.049	2095.077	2120.509	2155.733	2133.494	2123.998	987.415	1000.790	1044.217	1084.462	1101.415	1106.024	1118.096	1119.307	1178.283	1245.554	1354.565	1433.519	1443.596	1456.068	1477.172	1142.698	1195.124	1229.274	1223.536	1218.461	1229.606	2561.502	2556.429	2524.347	2524.347	2487.959	2326.485	2228.602	2189.267	2306.150	2373.689	2449.040	1659.415	1737.353	1679.924	1730.229	1730.229	1738.302	1762.336	1760.500	1743.875	1744.005	1815.167	1856.551	1882.515	1901.249	1928.557	1935.859	1949.235	1949.620	1952.601
1896.807	994.294	994.294	938.245	905.852	831.296	814.782	746.524	732.209	686.673	911.613	991.267	1029.763	1038.519	1084.688	2231.663	2226.978	2209.930	2205.566	2205.566	2205.566	2219.274	2211.397	2212.625	1891.576	1888.492	1779.001	1718.933	1718.933	1659.682	1657.777	2215.063	2373.937	2395.969	2400.015	0.000	31.439	94.922	108.571	108.571	214.773	261.710	282.602	341.104	513.626	551.092	652.058	686.460	694.067	2201.770	2204.406	2213.511	2195.546	2143.341	2124.801	2081.179	2081.495	2097.719	2030.687	1954.602	1852.178	1831.614	1806.963	1767.023	1892.127	1836.954	1785.109	1796.015	1805.792	1830.868	1004.783	1020.803	1065.073	1065.073	1081.191	1164.963	1239.124	1272.597	1090.424	1047.567	990.256	892.761	739.828	792.410	738.456	738.456	728.232	733.211	760.018	808.469	823.541	2674.302	2694.108	2696.540	2674.618	2611.956	2605.085	2552.252	2549.045	2526.061
1917.235	1023.114	1023.114	967.083	934.493	861.311	844.785	776.212	761.894	716.446	941.026	1021.081	1058.966	1067.483	1112.621	2241.114	2236.223	2218.366	2213.779	2213.779	2213.779	2227.344	2218.748	2218.738	1897.354	1892.463	1782.025	1721.771	1721.771	1662.621	1660.720	2220.580	2380.239	2403.031	2407.430	31.439	0.000	63.483	80.373	80.373	184.017	231.135	253.465	316.698	496.171	531.259	629.318	664.172	672.032	2195.980	2198.429	2206.930	2188.393	2135.932	2117.327	2073.548	2073.846	2089.205	2021.202	1943.518	1839.947	1819.245	1794.424	1754.199	1884.491	1828.644	1776.424	1787.383	1797.206	1821.997	974.562	990.682	1035.423	1035.423	1051.995	1138.137	1213.938	1248.087	1063.724	1019.745	961.236	885.597	735.632	789.147	734.954	734.954	724.811	753.055	780.880	830.199	845.699	2659.588	2679.017	2681.157	2658.889	2595.555	2588.561	2535.287	2532.059	2508.919
1959.372	1081.753	1081.753	1025.779	992.843	922.209	905.664	836.549	822.232	776.965	1000.794	1081.564	1118.304	1126.372	1169.567	2261.410	2256.110	2236.651	2231.621	2231.621	2231.621	2244.893	2234.868	2232.381	1910.545	1902.041	1789.798	1729.231	1729.231	1670.345	1668.452	2233.029	2394.172	2418.472	2423.575	94.922	63.483	0.000	41.566	41.566	122.969	170.359	196.803	271.855	465.425	494.891	585.858	621.584	629.975	2185.620	2187.686	2194.955	2175.263	2122.312	2103.587	2059.516	2059.777	2073.360	2003.417	1922.508	1816.658	1795.687	1770.536	1729.755	1870.590	1813.409	1760.467	1771.524	1781.435	1805.621	913.790	930.128	975.894	975.894	993.459	1084.724	1164.009	1199.580	1010.642	964.245	903.130	874.405	731.218	786.357	731.958	731.958	722.038	795.408	825.053	875.876	892.141	2630.772	2649.421	2650.960	2627.988	2563.294	2556.049	2501.885	2498.613	2475.160
1932.876	1072.292	1072.292	1016.480	983.033	917.205	900.644	830.498	816.212	771.403	993.392	1075.468	1109.987	1117.277	1157.475	2224.473	2219.044	2199.102	2193.943	2193.943	2193.943	2207.128	2196.707	2193.587	1871.686	1862.389	1749.816	1689.200	1689.200	1630.371	1628.481	2193.953	2355.431	2380.110	2385.399	108.571	80.373	41.566	0.000	0.000	110.333	155.747	174.089	237.955	426.076	457.342	551.604	586.893	595.018	2144.059	2146.131	2153.427	2133.775	2080.845	2062.125	2018.067	2018.330	2032.023	1962.239	1881.693	1776.173	1755.245	1730.147	1689.460	1829.130	1772.023	1719.127	1730.178	1740.084	1764.314	897.006	912.876	956.686	956.686	972.633	1057.777	1134.096	1168.632	983.380	939.467	881.686	832.840	689.904	745.160	690.761	690.761	680.865	770.056	800.931	852.789	869.625	2591.443	2610.285	2611.979	2589.194	2524.883	2517.712	2463.818	2460.559	2437.204
1932.876	1072.292	1072.292	1016.480	983.033	917.205	900.644	830.498	816.212	771.403	993.392	1075.468	1109.987	1117.277	1157.475	2224.473	2219.044	2199.102	2193.943	2193.943	2193.943	2207.128	2196.707	2193.587	1871.686	1862.389	1749.816	1689.200	1689.200	1630.371	1628.481	2193.953	2355.431	2380.110	2385.399	108.571	80.373	41.566	0.000	0.000	110.333	155.747	174.089	237.955	426.076	457.342	551.604	586.893	595.018	2144.059	2146.131	2153.427	2133.775	2080.845	2062.125	2018.067	2018.330	2032.023	1962.239	1881.693	1776.173	1755.245	1730.147	1689.460	1829.130	1772.023	1719.127	1730.178	1740.084	1764.314	897.006	912.876	956.686	956.686	972.633	1057.777	1134.096	1168.632	983.380	939.467	881.686	832.840	689.904	745.160	690.761	690.761	680.865	770.056	800.931	852.789	869.625	2591.443	2610.285	2611.979	2589.194	2524.883	2517.712	2463.818	2460.559	2437.204
2010.053	1176.743	1176.743	1121.128	1087.294	1024.905	1008.350	937.682	923.430	878.943	1099.516	1182.394	1215.323	1221.985	1259.373	2264.400	2258.281	2235.627	2229.716	2229.716	2229.716	2242.369	2229.504	2222.107	1900.238	1884.689	1769.325	1708.373	1708.373	1650.228	1648.360	2220.402	2384.128	2411.373	2417.868	214.773	184.017	122.969	110.333	110.333	0.000	47.391	79.767	176.496	388.013	405.830	482.574	519.300	528.465	2130.375	2131.756	2136.827	2115.140	2061.435	2042.537	1998.048	1998.243	2008.702	1935.556	1849.324	1739.880	1718.510	1692.867	1651.262	1809.804	1750.437	1696.381	1707.579	1717.615	1740.676	790.926	807.209	852.966	852.966	870.814	965.887	1048.914	1086.162	892.221	843.576	780.698	824.489	696.500	753.673	699.936	699.936	690.653	852.857	886.103	939.727	957.559	2543.819	2561.229	2561.834	2537.791	2471.068	2463.446	2407.980	2404.646	2380.743
2031.052	1214.570	1214.570	1159.144	1125.044	1065.526	1048.986	977.888	963.678	919.512	1138.710	1222.226	1253.811	1259.979	1295.306	2267.127	2260.697	2236.832	2230.586	2230.586	2230.586	2242.990	2229.040	2219.749	1898.173	1879.902	1763.457	1702.434	1702.434	1644.660	1642.804	2217.132	2381.736	2410.101	2417.130	261.710	231.135	170.359	155.747	155.747	47.391	0.000	44.116	150.637	364.736	376.471	445.315	482.331	491.830	2110.423	2111.531	2115.722	2093.253	2039.285	2020.332	1975.709	1975.879	1985.076	1910.697	1822.380	1711.564	1690.048	1664.228	1622.322	1787.901	1727.710	1673.260	1684.503	1694.579	1717.163	743.595	759.849	805.589	805.589	823.558	920.321	1004.977	1042.944	846.868	797.215	733.540	809.232	688.333	745.918	692.841	692.841	683.892	878.426	912.802	967.222	985.547	2510.963	2527.869	2528.097	2503.631	2436.110	2428.339	2372.363	2369.004	2344.926
2008.139	1211.454	1211.454	1156.378	1121.917	1067.158	1050.666	978.924	964.808	921.279	1137.828	1222.309	1251.675	1257.071	1289.348	2231.209	2224.612	2200.108	2193.691	2193.691	2193.691	2205.965	2191.473	2181.281	1859.900	1840.420	1723.549	1662.512	1662.512	1604.902	1603.052	2178.252	2343.229	2372.116	2379.401	282.602	253.465	196.803	174.089	174.089	79.767	44.116	0.000	106.805	320.814	332.491	403.779	440.655	449.985	2066.639	2067.713	2071.805	2049.266	1995.279	1976.322	1931.690	1931.857	1940.986	1866.581	1778.316	1667.605	1646.104	1620.302	1578.430	1743.919	1683.669	1629.197	1640.443	1650.520	1673.081	723.724	739.370	782.639	782.639	798.612	888.229	969.734	1006.661	814.302	767.464	707.778	766.515	648.045	705.728	652.987	652.987	644.190	860.880	896.341	951.495	970.315	2467.865	2484.919	2485.265	2460.940	2393.708	2385.996	2330.227	2326.879	2302.876
1943.466	1196.153	1196.153	1142.238	1107.115	1064.247	1047.991	975.252	961.485	919.892	1128.362	1214.689	1238.528	1242.032	1266.785	2137.575	2130.636	2104.834	2098.069	2098.069	2098.069	2110.076	2094.500	2082.535	1761.642	1739.824	1622.191	1561.143	1561.143	1503.863	1502.024	2078.710	2244.367	2274.261	2282.049	341.104	316.698	271.855	237.955	237.955	176.496	150.637	106.805	0.000	214.106	229.399	314.030	349.740	358.196	1959.841	1960.925	1965.085	1942.648	1888.703	1869.755	1825.146	1825.318	1834.746	1760.743	1673.438	1563.566	1542.164	1516.487	1474.833	1637.292	1577.192	1522.807	1534.042	1544.111	1566.794	699.092	712.862	748.766	748.766	758.951	826.817	898.099	931.557	751.990	714.146	666.906	660.672	546.861	604.621	552.722	552.722	544.285	813.046	850.848	907.338	927.219	2367.905	2385.553	2386.366	2362.592	2296.475	2288.981	2233.992	2230.683	2206.959
