%randomly generated instance
%vessels
3
100	25000	0.23
200	30000	0.28
300	35000	0.33
%ports
100
1	ContinentalPort	CP	0	0
2	Port2	RP	17	35
3	Port3	RP	8	75
4	Port4	RP	30	38
5	Port5	RP	47	48
6	Port6	RP	44	5
7	Port7	RP	18	4
8	Port8	RP	9	82
9	Port9	RP	7	13
10	Port10	RP	35	35
11	Port11	RP	1	2
12	Port12	RP	38	18
13	Port13	RP	27	8
14	Port14	RP	16	16
15	Port15	RP	0	5
16	Port16	RP	24	50
17	Port17	RP	40	3
18	Port18	RP	6	9
19	Port19	RP	11	28
20	Port20	RP	0	42
21	Port21	RP	0	1
22	Port22	RP	78	1
23	Port23	RP	1	24
24	Port24	RP	5	7
25	Port25	RP	18	2
26	Port26	RP	37	12
27	Port27	RP	7	28
28	Port28	RP	17	30
29	Port29	RP	4	17
30	Port30	RP	6	4
31	Port31	RP	65	2
32	Port32	RP	3	1
33	Port33	RP	7	36
34	Port34	RP	7	9
35	Port35	RP	23	8
36	Port36	RP	50	39
37	Port37	RP	89	2
38	Port38	RP	8	3
39	Port39	RP	29	27
40	Port40	RP	10	4
41	Port41	RP	0	10
42	Port42	RP	5	2
43	Port43	RP	39	10
44	Port44	RP	1	15
45	Port45	RP	5	40
46	Port46	RP	23	14
47	Port47	RP	10	27
48	Port48	RP	15	10
49	Port49	RP	10	53
50	Port50	RP	13	37
51	Port51	RP	10	69
52	Port52	RP	49	6
53	Port53	RP	32	5
54	Port54	RP	26	34
55	Port55	RP	43	16
56	Port56	RP	12	59
57	Port57	RP	6	62
58	Port58	RP	73	3
59	Port59	RP	40	46
60	Port60	RP	44	14
61	Port61	RP	6	18
62	Port62	RP	18	80
63	Port63	RP	24	19
64	Port64	RP	21	68
65	Port65	RP	65	28
66	Port66	RP	28	29
67	Port67	RP	2	16
68	Port68	RP	16	13
69	Port69	RP	22	19
70	Port70	RP	50	5
71	Port71	RP	14	28
72	Port72	RP	0	2
73	Port73	RP	4	5
74	Port74	RP	72	5
75	Port75	RP	31	14
76	Port76	RP	27	34
77	Port77	RP	19	14
78	Port78	RP	10	8
79	Port79	RP	23	57
80	Port80	RP	30	16
81	Port81	RP	7	38
82	Port82	RP	7	7
83	Port83	RP	12	10
84	Port84	RP	26	43
85	Port85	RP	15	4
86	Port86	RP	35	2
87	Port87	RP	2	32
88	Port88	RP	1	2
89	Port89	RP	31	7
90	Port90	RP	6	52
91	Port91	RP	11	69
92	Port92	RP	12	76
93	Port93	RP	7	3
94	Port94	RP	11	50
95	Port95	RP	20	25
96	Port96	RP	59	21
97	Port97	RP	29	15
98	Port98	RP	9	7
99	Port99	RP	52	6
100	Port100	RP	13	32
%distance table
0.000	1376.237	1414.328	1458.761	1400.866	1397.495	1427.404	1453.875	1400.997	1303.316	1378.090	1380.798	1101.366	1132.355	1137.872	1137.872	1232.571	1258.672	1371.480	1253.895	1046.744	812.854	748.726	878.020	745.262	742.454	780.425	780.139	756.247	1024.041	1025.764	966.576	952.329	988.343	991.259	991.107	1026.886	1067.882	1058.488	1191.410	1200.522	1221.939	1314.989	1318.629	1292.944	1265.772	1258.682	1360.701	1334.162	1359.999	1377.172	1377.172	1133.849	1139.194	1176.903	1204.383	1303.361	1259.361	1197.269	1244.829	1134.619	1124.902	748.028	777.202	800.551	796.485	848.708	1354.292	1328.973	1361.708	1434.446	846.293	846.293	756.376	793.643	861.702	861.702	851.292	1100.557	1082.261	1008.670	830.439	871.470	223.122	843.569	858.107	691.097	807.113	817.214	806.818	1182.801	1095.088	1262.905	1239.758	1191.018	1157.735	1321.711	1254.184	1182.542	1241.183
1376.237	0.000	92.000	187.095	363.343	365.258	378.744	419.932	528.515	614.417	806.782	877.128	1784.735	1853.345	1864.803	1864.803	2017.337	2159.546	2439.909	2629.905	1461.348	963.549	688.193	551.362	671.627	674.786	644.569	645.763	702.790	1915.869	2039.881	2035.218	2000.077	1977.726	1966.012	1970.316	1998.100	2030.241	2051.039	2567.632	2576.718	2597.363	2689.531	2694.676	2668.900	2640.437	2632.486	2390.640	2404.173	2462.534	2482.099	2482.099	2129.235	2113.103	2115.941	2121.829	2145.663	2006.985	1884.949	1694.139	1651.819	1812.201	1685.381	1817.794	1889.454	1908.166	2007.490	427.265	395.530	74.535	217.176	892.627	892.627	970.501	969.216	990.101	990.101	965.960	1530.471	1509.246	1414.652	628.644	548.528	1156.614	578.716	632.672	965.574	1087.654	1134.361	1318.362	2196.945	2116.563	137.928	186.389	251.509	414.493	2494.599	2479.154	2471.934	2559.451
1414.328	92.000	0.000	95.095	283.876	286.323	296.028	335.363	452.193	550.144	738.265	809.940	1762.594	1832.033	1843.624	1843.624	1996.913	2144.720	2434.256	2667.845	1545.780	1042.812	750.846	617.375	730.973	734.114	706.439	707.775	768.350	1990.866	2110.907	2103.564	2069.128	2049.280	2038.094	2042.247	2070.655	2103.482	2123.148	2604.295	2614.079	2636.235	2729.276	2732.509	2704.593	2674.537	2665.907	2382.416	2399.009	2459.508	2479.097	2479.097	2121.680	2104.212	2104.487	2108.747	2126.980	1984.286	1860.762	1659.308	1622.522	1789.644	1682.887	1819.153	1892.914	1913.023	2014.521	355.424	327.799	53.417	128.337	972.825	972.825	1047.014	1047.603	1071.681	1071.681	1046.992	1615.455	1594.027	1498.583	696.886	612.596	1192.592	593.860	633.248	961.650	1070.470	1116.191	1302.292	2269.260	2187.913	220.180	271.563	335.319	503.285	2497.596	2487.462	2487.789	2578.999
1458.761	187.095	95.095	0.000	212.638	215.894	218.477	253.450	380.661	493.034	673.353	746.078	1744.519	1814.650	1826.351	1826.351	1980.078	2133.460	2432.059	2709.787	1633.910	1126.778	821.434	691.874	798.843	801.943	776.689	778.136	841.336	2069.827	2185.968	2176.042	2142.316	2124.896	2114.226	2118.230	2147.218	2180.680	2199.243	2645.022	2655.496	2679.143	2772.968	2774.279	2744.241	2712.614	2703.311	2377.629	2397.373	2459.995	2479.581	2479.581	2118.047	2099.225	2096.829	2099.381	2111.712	1965.079	1840.267	1627.994	1597.253	1771.057	1685.590	1825.437	1901.168	1922.663	2026.159	293.255	273.139	133.612	50.345	1057.742	1057.742	1128.534	1130.785	1157.648	1157.648	1132.513	1704.062	1682.457	1586.279	772.620	685.535	1235.893	623.552	647.725	966.821	1060.832	1105.172	1292.372	2345.457	2263.230	310.993	363.119	425.519	596.087	2504.245	2499.582	2507.623	2602.469
1400.866	363.343	283.876	212.638	0.000	4.266	28.191	69.018	168.996	284.020	460.725	533.493	1566.493	1637.245	1649.045	1649.045	1802.784	1963.265	2274.341	2636.434	1715.596	1195.395	851.441	740.315	821.617	824.455	807.639	809.357	878.060	2108.124	2209.212	2190.430	2159.322	2150.483	2141.734	2145.175	2176.082	2211.674	2226.104	2569.089	2581.129	2608.195	2703.515	2700.272	2665.418	2630.324	2619.535	2216.113	2240.636	2306.417	2325.937	2325.937	1959.192	1938.363	1931.966	1932.010	1936.075	1784.758	1658.735	1434.610	1410.803	1592.244	1539.348	1684.387	1763.101	1786.928	1893.420	85.441	82.442	289.991	163.270	1131.744	1131.744	1187.225	1196.075	1234.435	1234.435	1207.731	1787.727	1765.332	1666.133	821.089	729.447	1179.054	560.100	548.762	834.992	901.081	942.525	1129.116	2371.892	2286.942	447.537	497.446	548.419	723.624	2360.683	2365.595	2387.960	2489.567
1397.495	365.258	286.323	215.894	4.266	0.000	30.687	69.997	166.220	280.212	457.462	530.189	1562.246	1632.997	1644.796	1644.796	1798.537	1959.001	2270.082	2632.792	1714.518	1194.163	849.624	738.918	819.688	822.519	805.867	807.588	876.351	2106.165	2206.980	2188.050	2156.989	2148.297	2139.582	2143.012	2173.950	2209.577	2223.933	2565.420	2577.478	2604.581	2699.916	2696.621	2661.714	2626.584	2615.779	2211.848	2236.379	2302.167	2321.686	2321.686	1954.932	1934.100	1927.700	1927.744	1931.823	1780.522	1654.505	1430.477	1406.601	1588.000	1535.132	1680.192	1758.920	1782.760	1889.267	81.389	78.235	291.755	166.383	1130.639	1130.639	1185.801	1194.776	1233.354	1233.354	1206.627	1786.679	1764.272	1665.024	819.634	727.973	1175.733	556.945	545.113	830.904	896.831	938.267	1124.854	2369.703	2284.712	448.356	498.121	548.762	723.883	2356.467	2361.427	2383.886	2485.543
1427.404	378.744	296.028	218.477	28.191	30.687	0.000	43.823	163.242	288.205	457.855	530.918	1579.474	1650.319	1662.134	1662.134	1815.788	1977.677	2290.878	2661.739	1742.481	1222.589	879.428	767.801	849.691	852.533	835.587	837.301	905.944	2136.211	2237.400	2218.611	2187.510	2178.666	2169.909	2173.352	2204.250	2239.831	2254.283	2594.242	2606.381	2633.654	2729.048	2725.525	2690.362	2655.038	2644.145	2232.027	2257.345	2323.608	2343.110	2343.110	1975.668	1954.508	1947.404	1946.982	1949.376	1797.078	1670.838	1443.579	1421.824	1605.029	1558.024	1703.680	1782.739	1806.850	1913.658	96.482	103.338	306.494	171.041	1158.698	1158.698	1214.736	1223.383	1261.337	1261.337	1234.682	1814.547	1792.180	1693.080	848.658	757.047	1205.770	587.318	574.120	856.451	918.446	959.304	1145.490	2400.075	2315.130	468.498	518.985	571.261	746.706	2379.328	2385.492	2409.491	2511.758
1453.875	419.932	335.363	253.450	69.018	69.997	43.823	0.000	138.512	274.298	432.193	505.287	1575.392	1646.358	1658.192	1658.192	1811.621	1975.935	2292.972	2683.902	1784.513	1264.130	918.618	808.761	888.325	891.134	874.991	876.724	945.633	2174.606	2274.174	2254.393	2223.614	2215.728	2207.182	2210.563	2241.648	2277.433	2291.440	2615.961	2628.390	2656.290	2751.898	2747.519	2711.453	2675.472	2664.291	2232.960	2259.780	2326.953	2346.417	2346.417	1977.747	1955.968	1947.548	1946.269	1945.672	1791.739	1665.191	1432.917	1414.516	1600.590	1564.625	1711.477	1791.224	1815.927	1923.370	103.866	124.917	348.437	208.318	1200.636	1200.636	1255.601	1264.703	1303.350	1303.350	1276.624	1856.669	1834.264	1735.022	889.402	797.719	1232.988	617.095	597.689	869.680	923.079	962.743	1147.912	2437.113	2351.913	512.040	562.645	615.077	790.528	2385.559	2394.334	2421.938	2525.723
1400.997	528.515	452.193	380.661	168.996	166.220	163.242	138.512	0.000	142.723	294.934	368.054	1448.502	1519.549	1531.396	1531.396	1684.381	1851.896	2174.693	2613.025	1815.861	1292.840	931.852	836.757	898.272	900.824	890.279	892.109	962.020	2175.678	2265.125	2239.848	2210.898	2208.489	2201.210	2204.215	2236.343	2273.288	2284.593	2543.775	2557.103	2586.963	2683.138	2676.030	2637.193	2599.258	2587.227	2112.812	2142.108	2210.811	2230.190	2230.190	1859.750	1836.949	1826.398	1823.790	1818.931	1663.037	1536.221	1298.905	1283.858	1473.203	1455.796	1604.803	1685.854	1711.793	1820.437	105.504	143.664	454.240	331.923	1233.649	1233.649	1278.364	1291.365	1336.504	1336.504	1309.195	1888.778	1866.019	1765.576	914.504	823.555	1184.262	587.944	545.316	780.068	812.852	849.875	1032.240	2429.268	2342.753	599.498	646.650	691.246	863.356	2274.741	2288.853	2324.571	2431.934
1303.316	614.417	550.144	493.034	284.020	280.212	288.205	274.298	142.723	0.000	195.626	263.445	1305.795	1376.840	1388.687	1388.687	1541.699	1709.254	2033.040	2497.471	1795.867	1274.520	903.570	826.146	867.431	869.659	865.103	866.988	936.296	2123.415	2202.846	2172.505	2145.360	2148.124	2142.076	2144.712	2177.718	2215.641	2224.333	2427.359	2441.323	2472.581	2569.049	2559.953	2519.170	2479.897	2467.285	1970.732	2000.622	2069.754	2089.103	2089.103	1718.237	1695.174	1684.158	1681.329	1676.225	1520.521	1393.742	1158.669	1141.776	1330.524	1318.010	1467.897	1549.514	1576.060	1685.221	200.031	222.533	540.520	442.720	1220.561	1220.561	1254.061	1270.935	1322.319	1322.319	1294.712	1869.158	1846.158	1745.064	898.848	811.090	1091.929	528.486	464.065	657.413	675.715	711.234	891.992	2367.606	2280.116	659.886	701.522	736.128	899.692	2135.562	2152.022	2191.953	2301.297
1378.090	806.782	738.265	673.353	460.725	457.462	457.855	432.193	294.934	195.626	0.000	73.130	1215.439	1285.989	1297.758	1297.758	1447.732	1625.043	1964.082	2526.711	1956.937	1439.649	1065.393	1000.576	1027.914	1029.862	1029.735	1031.630	1099.516	2253.639	2321.335	2284.910	2260.144	2269.121	2264.535	2266.731	2300.608	2339.493	2345.123	2454.863	2470.272	2504.647	2601.386	2587.700	2542.384	2499.932	2485.889	1896.771	1933.593	2006.499	2025.492	2025.492	1652.504	1626.672	1609.335	1602.374	1583.038	1421.227	1294.467	1038.412	1038.114	1238.015	1282.731	1435.494	1519.084	1548.231	1658.771	382.969	411.622	732.461	623.742	1389.629	1389.629	1414.998	1434.590	1489.967	1489.967	1462.339	2030.224	2007.128	1905.955	1069.327	984.654	1179.188	674.694	590.927	696.580	660.438	685.501	848.699	2486.164	2397.848	855.510	897.014	930.661	1092.192	2085.788	2115.078	2172.907	2288.955
1380.798	877.128	809.940	746.078	533.493	530.189	530.918	505.287	368.054	263.445	73.130	0.000	1161.089	1231.248	1242.956	1242.956	1391.623	1571.367	1914.313	2508.921	1996.016	1481.831	1107.139	1049.133	1069.185	1070.986	1073.045	1074.937	1141.807	2277.224	2339.542	2300.511	2276.820	2288.519	2284.592	2286.588	2320.803	2360.062	2364.314	2436.547	2452.460	2487.928	2584.625	2569.275	2522.376	2478.839	2464.303	1845.613	1884.460	1958.394	1977.247	1977.247	1604.344	1577.720	1558.495	1550.307	1526.850	1363.661	1237.239	976.128	980.530	1182.943	1245.748	1398.804	1482.743	1512.664	1623.312	454.976	482.672	802.968	696.370	1434.044	1434.044	1455.064	1476.010	1533.382	1533.382	1505.804	2069.201	2046.085	1945.013	1115.482	1032.806	1187.986	712.546	622.508	692.626	637.010	657.720	812.210	2504.169	2415.608	922.073	962.443	994.018	1152.873	2041.745	2075.097	2138.744	2256.860
1101.366	1784.735	1762.594	1744.519	1566.493	1562.246	1579.474	1575.392	1448.502	1305.795	1215.439	1161.089	0.000	71.054	82.901	82.901	236.314	410.439	763.165	1669.331	2127.823	1771.027	1506.312	1563.868	1476.539	1475.641	1506.684	1507.802	1535.807	2103.590	2068.583	1992.715	1989.927	2044.302	2051.736	2050.166	2085.014	2124.979	2106.048	1595.931	1617.380	1664.810	1753.015	1716.354	1651.836	1597.220	1577.279	689.464	736.759	815.316	833.099	833.099	470.250	438.340	406.916	393.106	370.432	222.345	107.701	268.354	194.171	28.508	383.084	463.914	525.655	559.677	646.132	1483.147	1486.880	1727.568	1697.713	1770.958	1770.958	1717.869	1754.599	1829.740	1829.740	1809.583	2187.533	2167.699	2085.079	1573.430	1547.722	1093.557	1258.440	1171.753	851.682	699.144	651.719	474.808	2208.584	2127.127	1745.096	1756.459	1745.399	1822.368	925.401	994.537	1118.078	1252.619
1132.355	1853.345	1832.033	1814.650	1637.245	1632.997	1650.319	1646.358	1519.549	1376.840	1285.989	1231.248	71.054	0.000	11.848	11.848	165.580	341.031	697.438	1641.159	2166.197	1820.399	1563.286	1624.078	1534.206	1533.224	1564.872	1565.949	1592.206	2124.609	2083.564	2005.919	2004.597	2061.304	2069.417	2067.627	2102.185	2141.830	2121.533	1568.315	1590.137	1638.356	1724.957	1686.423	1620.593	1565.255	1544.902	622.292	672.116	751.579	769.025	769.025	412.058	378.905	343.099	326.602	299.394	155.861	67.097	318.068	258.565	48.884	396.500	454.442	507.387	540.181	618.246	1553.974	1557.537	1796.650	1767.961	1822.370	1822.370	1766.681	1803.687	1878.804	1878.804	1859.178	2224.708	2205.209	2124.250	1631.649	1608.114	1136.647	1323.387	1238.105	915.596	766.749	719.526	540.205	2220.657	2140.384	1812.168	1822.829	1810.813	1885.112	866.897	941.976	1073.608	1209.112
1137.872	1864.803	1843.624	1826.351	1649.045	1644.796	1662.134	1658.192	1531.396	1388.687	1297.758	1242.956	82.901	11.848	0.000	0.000	153.814	329.526	686.581	1636.715	2172.756	1828.770	1572.897	1634.202	1543.930	1542.935	1574.677	1575.748	1601.724	2128.325	2086.287	2008.357	2007.277	2064.363	2072.587	2070.762	2105.268	2144.856	2124.335	1563.977	1585.859	1634.204	1720.520	1681.672	1615.629	1560.176	1539.756	611.177	661.465	741.081	758.462	758.462	402.756	369.394	332.743	315.705	287.550	145.197	65.580	327.125	269.628	60.289	399.923	453.927	505.249	537.775	614.273	1565.786	1569.322	1808.184	1779.681	1831.070	1831.070	1774.967	1812.014	1887.121	1887.121	1867.583	2231.066	2211.623	2130.942	1641.455	1618.268	1144.103	1334.277	1249.219	926.354	778.081	730.892	551.245	2222.885	2142.815	1823.381	1833.930	1821.761	1895.631	857.326	933.450	1066.473	1202.113
1137.872	1864.803	1843.624	1826.351	1649.045	1644.796	1662.134	1658.192	1531.396	1388.687	1297.758	1242.956	82.901	11.848	0.000	0.000	153.814	329.526	686.581	1636.715	2172.756	1828.770	1572.897	1634.202	1543.930	1542.935	1574.677	1575.748	1601.724	2128.325	2086.287	2008.357	2007.277	2064.363	2072.587	2070.762	2105.268	2144.856	2124.335	1563.977	1585.859	1634.204	1720.520	1681.672	1615.629	1560.176	1539.756	611.177	661.465	741.081	758.462	758.462	402.756	369.394	332.743	315.705	287.550	145.197	65.580	327.125	269.628	60.289	399.923	453.927	505.249	537.775	614.273	1565.786	1569.322	1808.184	1779.681	1831.070	1831.070	1774.967	1812.014	1887.121	1887.121	1867.583	2231.066	2211.623	2130.942	1641.455	1618.268	1144.103	1334.277	1249.219	926.354	778.081	730.892	551.245	2222.885	2142.815	1823.381	1833.930	1821.761	1895.631	857.326	933.450	1066.473	1202.113
1232.571	2017.337	1996.913	1980.078	1802.784	1798.537	1815.788	1811.621	1684.381	1541.699	1447.732	1391.623	236.314	165.580	153.814	153.814	0.000	194.006	560.019	1604.204	2276.118	1952.401	1709.457	1775.629	1681.614	1680.492	1713.114	1714.120	1737.334	2198.744	2144.846	2063.647	2065.520	2127.051	2136.597	2134.340	2168.144	2206.952	2183.767	1533.292	1555.887	1605.738	1687.740	1644.717	1575.985	1519.194	1497.933	479.930	539.363	621.044	637.007	637.007	315.386	280.294	228.357	199.180	135.306	52.193	157.227	447.199	412.220	211.180	484.574	492.420	521.059	548.651	601.199	1719.461	1723.109	1961.173	1933.452	1958.143	1958.143	1897.764	1935.198	2010.108	2010.108	1991.517	2332.085	2313.304	2235.859	1779.839	1759.986	1259.672	1482.672	1399.421	1073.965	930.005	883.047	701.451	2275.076	2197.690	1974.203	1983.881	1970.473	2040.575	752.905	845.659	999.032	1135.564
1258.672	2159.546	2144.720	2133.460	1963.265	1959.001	1977.677	1975.935	1851.896	1709.254	1625.043	1571.367	410.439	341.031	329.526	329.526	194.006	0.000	366.087	1467.980	2304.752	2018.496	1803.587	1880.851	1778.471	1777.067	1811.499	1812.348	1829.169	2178.367	2108.680	2023.742	2029.511	2096.553	2107.824	2104.998	2137.613	2175.104	2148.496	1399.472	1422.565	1473.464	1550.607	1503.919	1433.181	1375.598	1353.730	286.060	346.324	428.267	443.792	443.792	172.383	145.255	89.374	55.072	92.776	239.420	348.902	640.567	598.211	389.815	533.716	482.878	479.107	497.135	514.451	1881.196	1882.468	2106.590	2088.015	2030.850	2030.850	1962.651	2000.560	2074.622	2074.622	2057.941	2356.602	2338.994	2267.277	1877.688	1866.027	1318.464	1609.281	1532.918	1201.427	1074.277	1028.899	842.428	2229.664	2156.285	2107.853	2113.923	2095.979	2153.979	566.406	669.384	837.278	972.839
1371.480	2439.909	2434.256	2432.059	2274.341	2270.082	2290.878	2292.972	2174.693	2033.040	1964.082	1914.313	763.165	697.438	686.581	686.581	560.019	366.087	0.000	1242.291	2389.009	2174.265	2010.724	2104.666	1990.568	1988.735	2025.431	2026.007	2032.024	2174.264	2075.802	1985.628	1998.829	2074.909	2089.239	2085.382	2114.967	2149.097	2116.456	1181.848	1205.275	1256.874	1320.289	1266.316	1192.924	1135.316	1112.728	84.408	37.765	74.004	83.228	83.228	315.235	338.096	357.078	370.882	443.605	604.983	713.288	1005.440	955.891	746.078	756.355	639.237	585.983	581.456	524.211	2194.808	2192.366	2392.584	2388.829	2197.699	2197.699	2117.482	2155.428	2226.583	2226.583	2213.510	2432.479	2417.309	2357.237	2089.497	2091.431	1482.702	1871.808	1807.319	1474.415	1373.912	1331.828	1145.393	2176.149	2112.151	2374.820	2374.964	2349.826	2387.253	239.330	376.219	577.236	700.020
1253.895	2629.905	2667.845	2709.787	2636.434	2632.792	2661.739	2683.902	2613.025	2497.471	2526.711	2508.921	1669.331	1641.159	1636.715	1636.715	1604.204	1467.980	1242.291	0.000	1838.452	1917.651	1980.783	2116.865	1984.099	1981.096	2017.564	2016.975	1980.980	1375.749	1206.988	1120.018	1153.663	1241.403	1262.332	1256.043	1270.043	1287.121	1242.150	74.427	56.461	43.471	83.809	64.817	80.579	120.682	141.169	1306.230	1227.286	1174.244	1175.183	1175.183	1300.802	1333.759	1392.239	1429.320	1559.695	1655.667	1696.795	1930.081	1829.259	1672.819	1351.989	1220.426	1147.606	1112.889	1023.588	2581.323	2560.234	2615.363	2683.303	1976.128	1976.128	1870.463	1899.796	1944.884	1944.884	1947.612	1846.085	1841.709	1831.877	2058.953	2112.633	1475.264	2088.932	2087.679	1841.358	1872.614	1856.304	1734.284	1227.068	1201.832	2514.476	2488.897	2437.165	2383.453	1014.349	870.199	665.654	555.103
1046.744	1461.348	1545.780	1633.910	1715.596	1714.518	1742.481	1784.513	1815.861	1795.867	1956.937	1996.016	2127.823	2166.197	2172.756	2172.756	2276.118	2304.752	2389.009	1838.452	0.000	523.058	892.709	979.407	929.571	927.514	930.783	928.899	859.600	574.859	755.316	803.573	761.565	693.781	673.761	680.285	691.070	705.458	744.286	1808.499	1804.115	1795.502	1858.073	1894.720	1909.077	1912.112	1916.907	2388.571	2352.821	2366.896	2382.342	2382.342	2174.653	2182.192	2221.968	2250.258	2350.037	2300.324	2228.937	2229.285	2127.313	2153.243	1792.039	1822.318	1839.282	1831.140	1866.813	1722.266	1683.792	1500.440	1642.798	583.936	583.936	542.211	525.301	481.163	481.163	507.962	73.320	50.291	51.003	901.420	992.328	1039.678	1283.517	1376.334	1467.028	1647.570	1679.888	1751.444	868.567	814.548	1325.772	1275.242	1210.680	1051.598	2299.215	2203.194	2076.706	2087.087
812.854	963.549	1042.812	1126.778	1195.395	1194.163	1222.589	1264.130	1292.840	1274.520	1439.649	1481.831	1771.027	1820.399	1828.770	1828.770	1952.401	2018.496	2174.265	1917.651	523.058	0.000	374.692	456.758	412.739	411.015	410.145	408.251	340.179	957.798	1095.787	1104.851	1066.385	1031.879	1017.971	1022.887	1047.849	1077.200	1102.174	1870.046	1872.276	1878.214	1958.523	1980.489	1975.251	1962.812	1961.552	2156.380	2136.617	2167.492	2185.139	2185.139	1915.255	1915.060	1944.476	1966.786	2046.880	1967.311	1877.385	1826.000	1734.072	1798.478	1485.481	1553.917	1592.181	1593.429	1656.067	1199.740	1161.418	994.619	1131.309	73.172	73.172	56.798	19.296	59.580	59.580	39.487	596.077	573.257	472.737	378.364	469.388	700.425	770.772	869.021	1012.364	1199.562	1238.045	1343.302	1246.306	1170.340	825.753	777.973	712.672	573.651	2134.413	2065.663	1982.347	2026.594
748.726	688.193	750.846	821.434	851.441	849.624	879.428	918.618	931.852	903.570	1065.393	1107.139	1506.312	1563.286	1572.897	1572.897	1709.457	1803.587	2010.724	1980.783	892.709	374.692	0.000	139.314	38.660	37.511	44.797	43.307	35.841	1257.593	1365.988	1354.623	1321.061	1305.621	1295.691	1299.467	1329.321	1363.878	1380.538	1923.095	1929.820	1945.546	2034.540	2045.479	2026.850	2004.114	1998.652	1979.862	1973.092	2015.984	2034.781	2034.781	1725.100	1718.721	1738.845	1755.660	1817.768	1716.519	1614.013	1522.117	1440.311	1534.642	1275.049	1372.387	1426.364	1435.319	1516.545	844.433	807.482	698.244	815.014	330.433	330.433	350.578	369.203	427.040	427.040	399.604	966.027	942.984	841.823	82.410	139.817	555.268	396.736	497.345	687.033	873.296	916.238	1048.729	1526.733	1443.465	556.603	521.333	463.320	409.009	2010.512	1964.979	1917.547	1985.136
878.020	551.362	617.375	691.874	740.315	738.918	767.801	808.761	836.757	826.146	1000.576	1049.133	1563.868	1624.078	1634.202	1634.202	1775.629	1880.851	2104.666	2116.865	979.407	456.758	139.314	0.000	133.139	136.063	99.369	100.042	151.454	1379.178	1494.315	1486.191	1451.798	1433.086	1422.355	1426.368	1455.357	1488.936	1507.375	2058.452	2065.539	2081.994	2171.477	2181.611	2161.904	2138.252	2132.385	2069.817	2067.242	2113.544	2132.583	2132.583	1812.078	1803.564	1820.136	1834.740	1889.159	1779.014	1671.227	1556.734	1482.268	1592.363	1359.123	1465.446	1523.827	1534.999	1620.741	742.988	704.665	565.459	689.157	397.028	397.028	446.941	456.388	499.802	499.802	472.455	1052.203	1029.502	929.297	81.531	17.793	675.651	365.161	472.608	721.778	901.282	946.876	1095.865	1653.586	1571.501	418.257	382.106	324.101	287.215	2115.750	2076.152	2036.583	2108.195
745.262	671.627	730.973	798.843	821.617	819.688	849.691	888.325	898.272	867.431	1027.914	1069.185	1476.539	1534.206	1543.930	1543.930	1681.614	1778.471	1990.568	1984.099	929.571	412.739	38.660	133.139	0.000	3.159	36.003	36.163	74.452	1286.534	1391.743	1378.392	1345.407	1331.879	1322.365	1326.019	1356.281	1391.277	1407.071	1925.494	1932.667	1949.367	2039.077	2048.859	2028.886	2005.133	1999.249	1958.421	1952.995	1997.057	2015.944	2015.944	1702.665	1695.655	1714.784	1731.005	1791.185	1687.871	1584.227	1488.427	1407.696	1504.918	1251.520	1351.683	1407.185	1416.937	1499.906	812.255	775.678	677.996	790.530	369.084	369.084	387.363	406.884	465.462	465.462	438.058	1002.890	979.826	878.644	99.387	128.713	545.545	358.311	458.693	652.516	838.211	881.544	1016.672	1553.176	1469.334	542.659	510.133	454.593	415.317	1994.438	1951.386	1907.767	1977.640
742.454	674.786	734.114	801.943	824.455	822.519	852.533	891.134	900.824	869.659	1029.862	1070.986	1475.641	1533.224	1542.935	1542.935	1680.492	1777.067	1988.735	1981.096	927.514	411.015	37.511	136.063	3.159	0.000	38.481	38.538	73.352	1283.683	1388.754	1375.342	1342.373	1328.908	1319.410	1323.060	1353.338	1388.352	1404.110	1922.515	1929.676	1946.351	2036.044	2045.854	2025.917	2002.193	1996.322	1956.691	1951.156	1995.130	2014.010	2014.010	1701.015	1694.060	1713.279	1729.557	1789.928	1686.841	1583.332	1488.089	1407.185	1504.014	1249.958	1349.884	1405.268	1414.961	1497.808	814.933	778.387	681.134	793.586	367.779	367.779	385.317	405.043	463.908	463.908	436.527	1000.832	977.764	876.580	100.998	131.767	542.997	359.909	460.023	652.304	838.114	881.373	1016.070	1550.211	1466.348	545.809	513.256	457.673	417.891	1992.309	1949.099	1905.266	1975.026
780.425	644.569	706.439	776.689	807.639	805.867	835.587	874.991	890.279	865.103	1029.735	1073.045	1506.684	1564.872	1574.677	1574.677	1713.114	1811.499	2025.431	2017.564	930.783	410.145	44.797	99.369	36.003	38.481	0.000	1.895	71.768	1301.932	1410.767	1399.387	1365.849	1350.373	1340.408	1344.196	1374.008	1408.508	1425.267	1959.260	1966.287	1982.655	2072.110	2082.305	2062.771	2039.323	2033.559	1992.905	1987.875	2032.226	2051.132	2051.132	1736.828	1729.584	1748.302	1764.257	1823.438	1718.826	1614.341	1514.573	1435.164	1535.095	1285.319	1386.438	1442.329	1452.254	1535.526	801.831	764.659	653.764	770.222	361.284	361.284	389.444	405.928	460.416	460.416	432.814	1004.065	981.074	880.006	66.777	97.263	581.476	366.109	469.401	677.969	862.600	906.519	1044.875	1571.466	1488.238	513.816	479.677	422.843	379.426	2030.122	1987.316	1943.743	2013.466
780.139	645.763	707.775	778.136	809.357	807.588	837.301	876.724	892.109	866.988	1031.630	1074.937	1507.802	1565.949	1575.748	1575.748	1714.120	1812.348	2026.007	2016.975	928.899	408.251	43.307	100.042	36.163	38.538	1.895	0.000	69.926	1300.280	1409.232	1397.927	1364.368	1348.819	1338.839	1342.631	1372.428	1406.911	1423.702	1958.714	1965.720	1982.043	2071.466	2081.713	2062.242	2038.841	2033.097	1993.551	1988.448	2032.736	2051.638	2051.638	1737.525	1730.316	1749.090	1765.078	1824.372	1719.880	1615.462	1515.944	1436.461	1536.211	1286.068	1387.034	1442.844	1452.727	1535.908	803.624	766.442	655.117	771.745	359.400	359.400	387.573	404.038	458.522	458.522	430.921	1002.181	979.190	878.124	65.727	98.242	581.473	367.964	471.223	679.362	864.049	907.942	1046.124	1569.904	1486.698	514.895	480.627	423.675	379.477	2030.482	1987.547	1943.781	2013.392
756.247	702.790	768.350	841.336	878.060	876.351	905.944	945.633	962.020	936.296	1099.516	1141.807	1535.807	1592.206	1601.724	1601.724	1737.334	1829.169	2032.024	1980.980	859.600	340.179	35.841	151.454	74.452	73.352	71.768	69.926	0.000	1233.090	1344.716	1335.368	1301.241	1283.865	1273.513	1277.413	1306.834	1340.925	1358.468	1924.165	1930.471	1945.284	2033.581	2045.595	2028.222	2006.435	2001.366	2002.278	1994.351	2036.219	2054.934	2054.934	1748.429	1742.588	1763.552	1780.865	1844.579	1745.057	1643.498	1554.711	1472.083	1564.092	1299.460	1394.360	1447.007	1455.270	1534.947	873.293	836.009	716.191	836.680	294.769	294.769	317.902	335.244	391.893	391.893	364.403	932.902	909.888	808.777	78.670	155.918	568.906	432.062	533.046	720.419	907.030	949.681	1080.150	1504.697	1422.045	569.194	531.575	471.611	403.777	2028.255	1980.547	1929.732	1995.245
1024.041	1915.869	1990.866	2069.827	2108.124	2106.165	2136.211	2174.606	2175.678	2123.415	2253.639	2277.224	2103.590	2124.609	2128.325	2128.325	2198.744	2178.367	2174.264	1375.749	574.859	957.798	1257.593	1379.178	1286.534	1283.683	1301.932	1300.280	1233.090	0.000	187.945	259.738	222.827	136.749	115.107	121.762	120.034	130.682	170.379	1361.601	1352.091	1332.364	1378.240	1424.157	1452.972	1468.254	1477.746	2193.548	2141.616	2136.337	2148.572	2148.572	2023.715	2039.981	2089.756	2123.623	2242.196	2233.790	2191.383	2266.440	2155.061	2124.632	1728.452	1709.429	1699.698	1681.406	1683.071	2095.536	2059.979	1940.591	2068.335	1030.707	1030.707	945.652	949.746	942.878	942.878	962.949	546.888	553.230	596.237	1297.884	1386.998	1134.143	1595.332	1665.169	1642.221	1795.344	1814.818	1828.096	297.652	239.924	1778.030	1732.090	1667.043	1531.184	2035.114	1916.171	1753.998	1731.160
1025.764	2039.881	2110.907	2185.968	2209.212	2206.980	2237.400	2274.174	2265.125	2202.846	2321.335	2339.542	2068.583	2083.564	2086.287	2086.287	2144.846	2108.680	2075.802	1206.988	755.316	1095.787	1365.988	1494.315	1391.743	1388.754	1410.767	1409.232	1344.716	187.945	0.000	92.699	79.349	64.613	82.247	76.099	68.290	80.747	40.676	1197.856	1186.839	1163.875	1204.459	1252.684	1285.513	1304.364	1315.210	2101.258	2044.694	2033.197	2044.250	2044.250	1948.181	1967.080	2019.407	2054.618	2177.729	2182.959	2150.656	2249.109	2136.300	2087.853	1687.668	1652.509	1633.970	1612.647	1602.714	2190.359	2156.185	2059.469	2180.950	1168.912	1168.912	1076.593	1085.590	1087.962	1087.962	1105.650	731.902	736.964	772.538	1414.136	1500.438	1167.544	1678.762	1739.891	1681.728	1822.409	1837.313	1831.380	164.888	77.741	1902.784	1858.918	1794.530	1668.038	1922.304	1797.373	1625.648	1592.272
966.576	2035.218	2103.564	2176.042	2190.430	2188.050	2218.611	2254.393	2239.848	2172.505	2284.910	2300.511	1992.715	2005.919	2008.357	2008.357	2063.647	2023.742	1985.628	1120.018	803.573	1104.851	1354.623	1486.191	1378.392	1375.342	1399.387	1397.927	1335.368	259.738	92.699	0.000	42.061	123.045	144.634	138.010	150.221	172.474	132.837	1109.019	1098.497	1076.766	1120.026	1167.003	1198.043	1215.629	1226.063	2011.999	1954.755	1942.418	1953.322	1953.322	1862.134	1881.574	1934.406	1969.881	2093.911	2102.513	2073.011	2178.488	2065.388	2011.433	1610.788	1571.235	1550.525	1528.518	1516.056	2168.154	2134.821	2051.537	2168.913	1177.525	1177.525	1081.195	1093.310	1101.999	1101.999	1117.861	787.211	790.022	815.791	1407.116	1491.269	1120.222	1652.125	1708.575	1634.213	1769.148	1782.145	1768.797	218.008	134.467	1898.985	1856.586	1792.836	1673.043	1830.514	1705.139	1532.998	1499.699
952.329	2000.077	2069.128	2142.316	2159.322	2156.989	2187.510	2223.614	2210.898	2145.360	2260.144	2276.820	1989.927	2004.597	2007.277	2007.277	2065.520	2029.511	1998.829	1153.663	761.565	1066.385	1321.061	1451.798	1345.407	1342.373	1365.849	1364.368	1301.241	222.827	79.349	42.061	0.000	87.954	108.671	102.426	121.427	150.886	119.017	1140.954	1130.942	1110.323	1155.439	1201.584	1231.233	1247.615	1257.599	2023.586	1967.521	1956.838	1968.068	1968.068	1869.222	1888.009	1940.250	1975.422	2098.436	2103.675	2071.691	2171.775	2058.871	2009.093	1608.803	1573.174	1554.662	1533.395	1523.933	2138.149	2104.532	2017.247	2135.777	1139.181	1139.181	1043.596	1055.094	1062.658	1062.658	1078.835	745.578	748.229	773.733	1372.401	1457.159	1099.863	1623.509	1681.685	1614.160	1751.972	1765.971	1756.813	231.039	142.787	1863.600	1820.832	1756.914	1635.592	1847.484	1723.684	1554.141	1523.920
988.343	1977.726	2049.280	2124.896	2150.483	2148.297	2178.666	2215.728	2208.489	2148.124	2269.121	2288.519	2044.302	2061.304	2064.363	2064.363	2127.051	2096.553	2074.909	1241.403	693.781	1031.879	1305.621	1433.086	1331.879	1328.908	1350.373	1348.819	1283.865	136.749	64.613	123.045	87.954	0.000	21.712	14.989	41.120	80.742	76.210	1228.905	1218.866	1198.081	1242.536	1289.048	1319.067	1335.565	1345.551	2097.863	2043.144	2034.227	2045.788	2045.788	1938.114	1956.036	2007.454	2042.195	2163.736	2164.122	2128.344	2219.326	2106.874	2064.173	1664.906	1635.284	1619.906	1599.674	1594.130	2132.710	2098.276	1997.982	2120.386	1105.024	1105.024	1013.252	1021.837	1023.623	1023.623	1041.442	672.591	676.860	709.840	1352.703	1439.447	1122.041	1622.920	1685.823	1635.563	1779.559	1795.684	1795.067	221.413	138.941	1840.499	1796.376	1731.893	1604.429	1927.423	1805.078	1637.669	1609.472
991.259	1966.012	2038.094	2114.226	2141.734	2139.582	2169.909	2207.182	2201.210	2142.076	2264.535	2284.592	2051.736	2069.417	2072.587	2072.587	2136.597	2107.824	2089.239	1262.332	673.761	1017.971	1295.691	1422.355	1322.365	1319.410	1340.408	1338.839	1273.513	115.107	82.247	144.634	108.671	21.712	0.000	6.793	36.425	77.088	85.055	1249.457	1239.536	1218.993	1263.804	1310.163	1339.896	1356.121	1365.999	2111.549	2057.313	2049.041	2060.723	2060.723	1950.009	1967.647	2018.792	2053.390	2174.444	2173.333	2136.427	2224.774	2112.473	2071.808	1672.945	1645.120	1630.711	1610.810	1606.523	2124.745	2090.131	1986.935	2110.168	1091.139	1091.139	1000.247	1008.202	1008.776	1008.776	1026.923	651.806	656.301	690.455	1341.795	1428.935	1121.252	1616.249	1680.248	1634.251	1779.768	1796.439	1798.077	231.232	152.498	1828.658	1784.254	1719.669	1590.939	1943.223	1821.480	1655.017	1627.831
991.107	1970.316	2042.247	2118.230	2145.175	2143.012	2173.352	2210.563	2204.215	2144.712	2266.731	2286.588	2050.166	2067.627	2070.762	2070.762	2134.340	2104.998	2085.382	1256.043	680.285	1022.887	1299.467	1426.368	1326.019	1323.060	1344.196	1342.631	1277.413	121.762	76.099	138.010	102.426	14.989	6.793	0.000	35.786	76.788	81.071	1243.330	1233.359	1212.712	1257.359	1303.790	1333.651	1349.993	1359.915	2107.912	2053.511	2045.018	2056.659	2056.659	1946.974	1964.707	2015.943	2050.588	2171.805	2171.186	2134.648	2223.845	2111.495	2070.174	1671.174	1642.763	1628.034	1608.023	1603.317	2127.954	2093.393	1991.047	2114.040	1096.050	1096.050	1004.905	1013.041	1013.955	1013.955	1032.011	658.493	662.942	696.830	1345.858	1432.884	1122.263	1619.066	1682.736	1635.437	1780.486	1796.987	1797.917	227.289	147.458	1832.998	1788.674	1724.117	1595.747	1938.858	1816.904	1650.103	1622.551
1026.886	1998.100	2070.655	2147.218	2176.082	2173.950	2204.250	2241.648	2236.343	2177.718	2300.608	2320.803	2085.014	2102.185	2105.268	2105.268	2168.144	2137.613	2114.967	1270.043	691.070	1047.849	1329.321	1455.357	1356.281	1353.338	1374.008	1372.428	1306.834	120.034	68.290	150.221	121.427	41.120	36.425	35.786	0.000	41.002	55.149	1259.231	1248.715	1226.820	1269.144	1316.644	1348.173	1365.845	1376.241	2138.250	2083.292	2073.992	2085.470	2085.470	1979.078	1997.049	2048.506	2083.264	2204.844	2205.185	2169.219	2259.308	2146.922	2104.940	1705.767	1676.394	1661.010	1640.752	1634.984	2159.539	2124.830	2019.621	2143.514	1121.018	1121.018	1031.183	1038.415	1037.415	1037.415	1056.005	665.709	671.344	709.938	1374.663	1462.112	1157.647	1651.670	1716.061	1670.673	1816.069	1832.653	1833.695	198.948	125.813	1860.638	1815.966	1751.285	1621.191	1966.444	1843.540	1675.053	1645.343
1067.882	2030.241	2103.482	2180.680	2211.674	2209.577	2239.831	2277.433	2273.288	2215.641	2339.493	2360.062	2124.979	2141.830	2144.856	2144.856	2206.952	2175.104	2149.097	1287.121	705.458	1077.200	1363.878	1488.936	1391.277	1388.352	1408.508	1406.911	1340.925	130.682	80.747	172.474	150.886	80.742	77.088	76.788	41.002	0.000	46.303	1278.438	1267.322	1244.053	1283.741	1332.402	1365.775	1384.921	1395.839	2173.213	2117.643	2107.446	2118.744	2118.744	2016.013	2034.248	2085.946	2120.826	2242.802	2244.207	2208.877	2299.951	2187.527	2144.815	1745.461	1715.034	1698.932	1678.405	1671.472	2195.886	2161.015	2052.638	2177.518	1150.328	1150.328	1061.975	1068.222	1065.136	1065.136	1084.297	676.214	683.151	726.834	1408.060	1495.950	1198.219	1689.186	1754.364	1711.072	1856.848	1873.524	1874.688	169.964	110.454	1892.642	1847.593	1782.787	1650.815	1998.370	1874.433	1704.114	1672.016
1058.488	2051.039	2123.148	2199.243	2226.104	2223.933	2254.283	2291.440	2284.593	2224.333	2345.123	2364.314	2106.048	2121.533	2124.335	2124.335	2183.767	2148.496	2116.456	1242.150	744.286	1102.174	1380.538	1507.375	1407.071	1404.110	1425.267	1423.702	1358.468	170.379	40.676	132.837	119.017	76.210	85.055	81.071	55.149	46.303	0.000	1234.192	1222.857	1199.137	1238.138	1287.061	1320.954	1340.605	1351.721	2141.830	2085.331	2073.872	2084.926	2084.926	1988.235	2007.023	2059.241	2094.392	2217.289	2221.681	2188.617	2284.967	2172.266	2125.474	1725.478	1691.494	1673.481	1652.315	1642.900	2208.638	2174.143	2071.985	2195.103	1175.346	1175.346	1084.955	1092.585	1092.179	1092.179	1110.635	717.267	723.506	763.981	1426.833	1513.923	1196.089	1699.106	1762.007	1709.926	1852.583	1868.147	1864.738	146.230	70.878	1913.670	1869.217	1804.608	1675.359	1962.911	1837.859	1665.794	1631.754
1191.410	2567.632	2604.295	2645.022	2569.089	2565.420	2594.242	2615.961	2543.775	2427.359	2454.863	2436.547	1595.931	1568.315	1563.977	1563.977	1533.292	1399.472	1181.848	74.427	1808.499	1870.046	1923.095	2058.452	1925.494	1922.515	1959.260	1958.714	1924.165	1361.601	1197.856	1109.019	1140.954	1228.905	1249.457	1243.330	1259.231	1278.438	1234.192	0.000	23.458	75.120	157.295	132.852	105.233	106.665	118.095	1243.886	1165.627	1114.941	1116.656	1116.656	1231.454	1264.151	1322.796	1360.039	1490.898	1584.627	1624.318	1856.279	1755.216	1599.642	1277.577	1146.256	1073.715	1039.020	950.452	2513.199	2492.511	2551.967	2617.959	1927.201	1927.201	1821.919	1851.977	1898.873	1898.873	1900.767	1818.868	1813.638	1800.047	2001.865	2053.841	1411.846	2023.352	2020.348	1770.812	1800.023	1783.332	1660.369	1227.904	1197.494	2453.458	2428.682	2377.684	2327.268	957.144	812.624	607.305	504.121
1200.522	2576.718	2614.079	2655.496	2581.129	2577.478	2606.381	2628.390	2557.103	2441.323	2470.272	2452.460	1617.380	1590.137	1585.859	1585.859	1555.887	1422.565	1205.275	56.461	1804.115	1872.276	1929.820	2065.539	1932.667	1929.676	1966.287	1965.720	1930.471	1352.091	1186.839	1098.497	1130.942	1218.866	1239.536	1233.359	1248.715	1267.322	1222.857	23.458	0.000	51.662	136.843	119.144	105.211	118.592	133.016	1267.343	1189.079	1138.327	1140.007	1140.007	1254.419	1287.064	1345.739	1383.010	1513.944	1607.184	1646.332	1877.352	1775.990	1621.255	1297.399	1166.850	1094.726	1060.061	972.135	2525.749	2504.795	2561.664	2628.771	1929.988	1929.988	1824.534	1854.294	1900.455	1900.455	1902.689	1813.563	1808.618	1796.308	2008.307	2061.115	1421.498	2034.287	2032.368	1785.106	1816.160	1799.889	1678.231	1214.206	1185.150	2461.878	2436.688	2385.317	2333.301	980.412	835.904	630.608	526.712
1221.939	2597.363	2636.235	2679.143	2608.195	2604.581	2633.654	2656.290	2586.963	2472.581	2504.647	2487.928	1664.810	1638.356	1634.204	1634.204	1605.738	1473.464	1256.874	43.471	1795.502	1878.214	1945.546	2081.994	1949.367	1946.351	1982.655	1982.043	1945.284	1332.364	1163.875	1076.766	1110.323	1198.081	1218.993	1212.712	1226.820	1244.053	1199.137	75.120	51.662	0.000	96.739	102.315	122.230	154.473	172.703	1319.005	1240.729	1189.841	1191.449	1191.449	1305.056	1337.595	1396.327	1433.654	1564.744	1656.951	1694.950	1923.957	1821.971	1669.030	1341.466	1212.574	1141.336	1106.742	1020.165	2553.929	2532.406	2583.643	2653.157	1937.115	1937.115	1831.342	1860.430	1904.954	1904.954	1907.931	1802.901	1798.590	1789.131	2023.381	2077.978	1443.872	2059.107	2059.534	1817.257	1852.251	1836.881	1718.046	1185.117	1159.176	2481.104	2455.019	2402.850	2347.361	1031.686	887.207	681.967	576.709
1314.989	2689.531	2729.276	2772.968	2703.515	2699.916	2729.048	2751.898	2683.138	2569.049	2601.386	2584.625	1753.015	1724.957	1720.520	1720.520	1687.740	1550.607	1320.289	83.809	1858.073	1958.523	2034.540	2171.477	2039.077	2036.044	2072.110	2071.466	2033.581	1378.240	1204.459	1120.026	1155.439	1242.536	1263.804	1257.359	1269.144	1283.741	1238.138	157.295	136.843	96.739	0.000	62.295	132.250	187.123	209.546	1385.432	1306.093	1251.528	1251.933	1251.933	1383.813	1416.870	1475.278	1512.290	1642.442	1739.236	1780.603	2013.554	1912.501	1756.567	1434.239	1303.488	1231.006	1196.307	1107.338	2649.634	2627.925	2676.593	2747.345	2018.585	2018.585	1912.571	1940.957	1983.734	1983.734	1987.495	1862.475	1859.109	1853.729	2111.847	2167.758	1537.314	2153.571	2154.940	1913.873	1948.879	1933.371	1813.685	1213.243	1193.919	2572.398	2545.722	2493.013	2434.905	1090.366	946.692	743.098	628.176
