%randomly generated instance
%vessels
3
100	25000	0.23
200	30000	0.28
300	35000	0.33
%ports
150
1	ContinentalPort	CP	0	0
2	Port2	RP	28	59
3	Port3	RP	7	15
4	Port4	RP	53	46
5	Port5	RP	30	53
6	Port6	RP	29	3
7	Port7	RP	9	6
8	Port8	RP	23	17
9	Port9	RP	74	22
10	Port10	RP	14	69
11	Port11	RP	48	8
12	Port12	RP	50	36
13	Port13	RP	65	26
14	Port14	RP	83	2
15	Port15	RP	6	29
16	Port16	RP	8	1
17	Port17	RP	6	3
18	Port18	RP	6	2
19	Port19	RP	6	60
20	Port20	RP	23	26
21	Port21	RP	21	46
22	Port22	RP	28	18
23	Port23	RP	18	41
24	Port24	RP	0	92
25	Port25	RP	15	13
26	Port26	RP	29	29
27	Port27	RP	13	22
28	Port28	RP	1	10
29	Port29	RP	19	72
30	Port30	RP	14	44
31	Port31	RP	62	31
32	Port32	RP	71	17
33	Port33	RP	2	15
34	Port34	RP	6	79
35	Port35	RP	6	3
36	Port36	RP	18	25
37	Port37	RP	16	28
38	Port38	RP	1	40
39	Port39	RP	3	18
40	Port40	RP	17	39
41	Port41	RP	9	53
42	Port42	RP	11	52
43	Port43	RP	18	30
44	Port44	RP	30	70
45	Port45	RP	42	35
46	Port46	RP	1	78
47	Port47	RP	6	38
48	Port48	RP	0	16
49	Port49	RP	12	40
50	Port50	RP	42	20
51	Port51	RP	17	62
52	Port52	RP	17	53
53	Port53	RP	26	27
54	Port54	RP	16	71
55	Port55	RP	37	9
56	Port56	RP	8	2
57	Port57	RP	41	24
58	Port58	RP	3	37
59	Port59	RP	13	10
60	Port60	RP	3	12
61	Port61	RP	10	10
62	Port62	RP	12	66
63	Port63	RP	20	9
64	Port64	RP	8	20
65	Port65	RP	41	44
66	Port66	RP	14	11
67	Port67	RP	46	32
68	Port68	RP	2	6
69	Port69	RP	25	4
70	Port70	RP	15	38
71	Port71	RP	33	51
72	Port72	RP	49	2
73	Port73	RP	20	67
74	Port74	RP	52	14
75	Port75	RP	3	28
76	Port76	RP	23	73
77	Port77	RP	10	69
78	Port78	RP	44	46
79	Port79	RP	91	6
80	Port80	RP	27	26
81	Port81	RP	14	27
82	Port82	RP	3	60
83	Port83	RP	9	79
84	Port84	RP	16	8
85	Port85	RP	48	3
86	Port86	RP	41	47
87	Port87	RP	12	34
88	Port88	RP	60	6
89	Port89	RP	1	2
90	Port90	RP	14	4
91	Port91	RP	29	26
92	Port92	RP	28	8
93	Port93	RP	26	35
94	Port94	RP	40	25
95	Port95	RP	11	18
96	Port96	RP	35	47
97	Port97	RP	44	23
98	Port98	RP	71	21
99	Port99	RP	0	60
100	Port100	RP	37	25
101	Port101	RP	52	3
102	Port102	RP	9	67
103	Port103	RP	12	8
104	Port104	RP	31	20
105	Port105	RP	25	42
106	Port106	RP	13	49
107	Port107	RP	57	8
108	Port108	RP	85	15
109	Port109	RP	48	30
110	Port110	RP	5	17
111	Port111	RP	7	36
112	Port112	RP	13	26
113	Port113	RP	6	12
114	Port114	RP	6	8
115	Port115	RP	32	16
116	Port116	RP	12	12
117	Port117	RP	12	73
118	Port118	RP	0	7
119	Port119	RP	53	23
120	Port120	RP	4	42
121	Port121	RP	26	7
122	Port122	RP	10	26
123	Port123	RP	64	33
124	Port124	RP	6	9
125	Port125	RP	27	63
126	Port126	RP	25	62
127	Port127	RP	6	14
128	Port128	RP	0	5
129	Port129	RP	39	56
130	Port130	RP	54	40
131	Port131	RP	12	4
132	Port132	RP	34	5
133	Port133	RP	22	18
134	Port134	RP	8	14
135	Port135	RP	6	39
136	Port136	RP	2	72
137	Port137	RP	3	17
138	Port138	RP	11	36
139	Port139	RP	1	11
140	Port140	RP	46	18
141	Port141	RP	1	10
142	Port142	RP	9	1
143	Port143	RP	25	15
144	Port144	RP	17	28
145	Port145	RP	13	19
146	Port146	RP	5	3
147	Port147	RP	23	48
148	Port148	RP	3	7
149	Port149	RP	8	3
150	Port150	RP	26	61
%distance table
0.000	864.570	766.602	833.632	910.641	892.626	800.467	746.469	844.382	875.767	829.282	1306.780	1284.640	1266.231	1318.894	1497.725	1530.651	1413.357	1682.828	1601.394	1459.977	1398.670	1506.034	1512.693	1512.693	1405.539	1436.736	1595.853	1386.297	1407.766	1871.065	1747.407	1770.451	1604.949	1584.491	1786.059	1815.506	1657.745	1902.195	1604.005	1660.117	1776.450	1612.644	1724.978	1803.234	1709.478	1702.965	1883.989	1812.240	1727.928	1636.782	1589.644	2274.768	2316.080	2476.114	2239.407	2115.807	2194.118	2484.773	2495.155	2362.599	2346.789	2313.305	2284.337	2341.510	2296.306	2314.144	2343.679	2368.679	2434.177	2378.695	2380.500	2269.016	2367.766	2359.716	2162.761	2212.512	2316.734	2237.814	2256.102	2296.138	2343.238	2101.930	2158.888	2096.807	2061.438	2084.705	2114.925	2109.702	2102.647	2111.361	2153.135	2137.111	2074.859	2123.108	2192.214	2197.526	2196.856	2223.496	2395.656	2359.731	2664.670	1683.957	1840.148	1542.214	699.055	1181.107	1238.554	2666.106	2666.976	2907.620	2748.217	2629.056	2540.586	2746.019	2783.402	2626.939	2572.524	2542.952	2179.190	1093.969	973.302	936.025	1102.751	1126.866	1128.525	1235.004	1080.799	1081.711	995.695	1065.579	1179.916	1187.126	1082.737	995.255	990.254	1088.418	1153.919	1180.906	1006.162	1040.880	1795.462	1751.079	1669.312	2119.751	2197.868	2125.074	2155.116	1811.225	1556.463
864.570	0.000	130.626	138.279	66.585	128.121	238.913	170.572	56.749	142.644	164.836	1121.493	1143.820	1176.464	1285.638	1486.782	1481.665	1287.613	1484.461	1574.355	1480.435	1332.983	1375.143	1309.268	1309.268	1212.931	1268.897	1473.447	1344.862	1353.828	1008.101	883.282	967.612	848.310	731.887	934.648	989.611	813.133	1081.044	783.676	795.563	911.906	756.981	869.263	938.666	845.798	839.459	1019.669	949.210	865.935	774.145	725.725	1638.583	1609.545	1854.839	1669.605	1455.464	1484.320	1779.249	1848.649	1762.233	1638.528	1598.347	1609.478	1649.513	1599.844	1629.119	1662.787	1719.579	1792.245	1762.336	1789.811	1656.993	1740.049	1707.057	1507.654	1518.106	1632.363	1550.938	1563.880	1588.726	1628.678	1494.380	1556.476	1503.578	1469.821	1676.879	1661.390	1660.673	1627.306	1633.828	1686.003	1711.770	1659.122	1598.098	1666.098	1695.222	1715.256	1816.119	2135.210	2156.845	2454.601	1196.036	1222.011	1191.568	773.330	546.758	461.595	1857.966	1878.602	2104.649	1930.618	1818.306	1747.208	1943.939	1991.882	1849.086	1753.626	1722.136	1337.625	1464.179	1359.621	1294.014	1436.631	1487.718	1469.407	1552.391	1412.006	1401.942	1323.027	1318.933	1456.100	1508.741	1432.566	1362.742	1442.998	1525.490	1535.335	1572.223	1330.579	1349.044	934.269	900.606	827.350	1278.377	1355.556	1288.462	1305.431	1214.302	1175.065
766.602	130.626	0.000	79.183	150.447	129.540	138.288	40.967	85.488	118.871	91.870	1029.336	1046.661	1074.259	1179.950	1382.372	1381.070	1192.088	1402.011	1472.833	1372.927	1231.578	1282.007	1224.177	1224.177	1124.160	1178.186	1381.037	1241.141	1251.571	1119.126	985.539	1023.056	881.827	817.920	1019.717	1057.321	892.492	1146.523	846.996	902.132	1016.648	846.090	958.391	1043.901	956.017	950.102	1122.433	1048.271	963.155	872.790	827.760	1642.604	1633.431	1856.775	1657.343	1464.340	1508.270	1803.938	1857.080	1758.205	1663.152	1624.789	1623.924	1669.281	1620.580	1646.674	1679.393	1727.741	1799.055	1762.297	1783.663	1654.921	1742.730	1716.084	1515.585	1537.567	1649.751	1568.412	1583.058	1612.733	1655.201	1489.468	1550.957	1495.158	1460.590	1630.885	1623.947	1622.333	1593.825	1600.877	1651.571	1669.484	1614.375	1574.817	1643.851	1668.159	1684.101	1771.676	2069.492	2083.006	2383.960	1158.070	1216.146	1126.620	645.956	524.084	591.733	1919.636	1932.076	2164.633	1996.754	1881.050	1802.288	2003.191	2046.923	1898.396	1820.029	1789.408	1415.822	1335.529	1230.074	1164.746	1308.928	1359.462	1341.678	1426.051	1284.229	1274.466	1194.759	1193.365	1330.792	1381.949	1304.331	1233.631	1312.674	1395.589	1406.721	1443.499	1202.453	1221.592	1030.065	984.834	904.765	1356.355	1434.273	1363.434	1389.371	1202.671	1115.230
833.632	138.279	79.183	0.000	119.373	60.686	102.371	87.274	81.920	42.325	26.571	984.991	1006.294	1038.322	1147.360	1348.542	1343.738	1150.450	1351.217	1436.339	1342.177	1194.940	1238.543	1174.973	1174.973	1077.404	1132.860	1337.066	1206.644	1215.711	1068.051	928.404	947.498	803.342	752.737	953.281	984.661	824.184	1073.082	773.696	848.405	961.080	782.196	894.011	988.577	904.903	899.371	1065.141	988.883	903.006	813.905	771.269	1564.172	1554.262	1778.584	1580.949	1385.514	1429.107	1724.773	1778.355	1680.653	1583.991	1545.666	1544.862	1590.106	1541.398	1567.530	1600.273	1649.013	1720.434	1684.284	1706.396	1577.102	1664.441	1637.298	1436.829	1458.391	1570.611	1489.265	1503.886	1533.566	1576.079	1411.931	1473.524	1418.100	1383.633	1562.979	1553.299	1551.951	1522.031	1528.943	1580.073	1600.362	1546.033	1500.498	1569.344	1594.759	1611.736	1703.322	2009.849	2027.488	2326.845	1087.183	1138.589	1065.992	647.643	447.972	586.848	1844.560	1855.413	2089.095	1922.685	1806.234	1725.958	1927.567	1970.486	1821.099	1746.128	1715.749	1345.863	1339.659	1238.116	1171.603	1309.965	1362.189	1342.754	1423.245	1285.520	1274.871	1197.751	1188.959	1325.639	1380.342	1307.057	1239.700	1325.558	1405.301	1410.637	1447.774	1204.959	1221.999	968.852	918.154	835.681	1286.405	1364.473	1292.450	1321.633	1125.919	1052.256
910.641	66.585	150.447	119.373	0.000	81.544	219.898	183.389	66.620	103.708	143.593	1080.863	1106.035	1141.827	1253.162	1452.953	1445.241	1248.449	1438.041	1538.385	1448.911	1297.398	1334.402	1264.447	1264.447	1170.206	1227.060	1432.108	1310.833	1318.769	969.057	837.702	904.487	782.247	677.501	880.174	929.325	756.258	1020.269	721.975	752.898	868.016	704.017	816.483	895.138	806.024	800.037	974.521	901.710	817.287	726.210	679.836	1572.191	1543.175	1788.508	1604.382	1388.941	1417.936	1712.937	1782.110	1696.263	1572.195	1532.100	1542.894	1583.007	1533.360	1562.565	1596.221	1653.052	1725.745	1696.116	1723.993	1590.914	1673.700	1640.513	1441.149	1451.582	1565.806	1484.379	1497.353	1522.358	1562.440	1428.545	1490.669	1438.037	1404.370	1617.547	1600.113	1599.586	1565.255	1571.670	1624.097	1651.521	1599.498	1534.314	1602.124	1631.979	1652.711	1756.302	2081.349	2105.980	2402.320	1135.366	1156.369	1138.609	766.972	484.984	468.508	1796.704	1815.624	2043.074	1870.489	1757.286	1684.494	1882.156	1929.236	1785.367	1693.505	1662.234	1280.894	1458.982	1357.464	1290.972	1429.079	1481.433	1461.866	1541.829	1404.662	1393.930	1317.031	1307.351	1443.824	1499.125	1426.308	1359.072	1444.572	1524.590	1529.944	1567.095	1324.209	1341.070	884.904	845.741	769.810	1221.528	1299.020	1230.608	1250.834	1149.239	1120.402
892.626	128.121	129.540	60.686	81.544	0.000	146.696	146.429	84.792	25.199	75.625	999.941	1024.680	1060.287	1171.649	1371.409	1363.790	1167.292	1359.008	1456.908	1367.436	1215.891	1253.542	1184.743	1184.743	1089.806	1146.435	1351.392	1229.290	1237.243	1007.806	867.724	893.659	755.589	692.768	893.678	928.026	765.170	1017.067	717.544	787.919	900.450	721.979	833.908	927.956	844.696	839.219	1004.456	928.230	842.385	753.228	710.616	1528.264	1510.913	1743.608	1551.830	1347.582	1385.635	1681.258	1740.828	1648.070	1540.406	1501.425	1504.923	1548.246	1499.156	1526.457	1559.569	1611.526	1683.508	1650.066	1674.707	1543.668	1629.119	1599.470	1399.303	1416.544	1529.601	1448.166	1462.177	1490.159	1531.832	1379.597	1441.477	1387.258	1353.124	1549.853	1535.863	1534.959	1502.657	1509.313	1561.159	1585.336	1532.271	1476.297	1544.679	1572.327	1591.241	1689.367	2007.157	2029.456	2326.827	1070.097	1106.484	1063.601	694.878	422.969	546.103	1790.121	1803.075	2035.187	1867.237	1751.515	1673.115	1873.767	1917.792	1769.887	1690.527	1659.937	1287.642	1386.305	1286.719	1219.761	1355.125	1408.124	1387.890	1466.264	1330.843	1319.763	1244.045	1231.475	1367.522	1424.050	1353.062	1287.396	1376.164	1454.456	1457.095	1494.365	1251.005	1266.973	908.316	858.615	776.985	1228.174	1306.178	1234.760	1262.493	1096.319	1046.946
800.467	238.913	138.288	102.371	219.898	146.696	0.000	110.096	182.171	121.497	76.574	892.243	910.981	940.695	1048.367	1250.122	1246.917	1055.971	1263.796	1339.136	1242.593	1097.722	1145.279	1086.108	1086.108	986.492	1040.876	1244.174	1108.452	1118.132	1140.351	993.469	969.986	809.057	805.663	1002.112	1017.481	869.820	1102.861	806.099	918.557	1028.157	837.311	947.343	1055.845	977.912	972.856	1129.285	1050.240	963.658	877.143	838.307	1538.209	1544.567	1750.186	1542.071	1364.336	1420.123	1715.000	1755.136	1647.866	1574.767	1538.140	1527.430	1576.836	1529.154	1552.541	1584.360	1626.040	1696.112	1654.632	1671.865	1546.229	1637.019	1615.068	1414.609	1445.514	1555.471	1474.587	1490.539	1524.073	1568.474	1379.506	1440.342	1382.868	1347.918	1499.069	1495.544	1493.547	1467.259	1474.544	1524.452	1539.011	1483.040	1453.431	1522.843	1544.558	1558.449	1640.249	1932.209	1944.846	2246.013	1030.654	1106.992	990.005	548.449	413.861	688.348	1865.939	1869.554	2108.156	1947.752	1828.714	1742.023	1946.507	1985.586	1831.760	1772.117	1742.648	1384.700	1240.169	1140.099	1073.209	1209.595	1262.258	1242.376	1321.941	1185.234	1174.359	1098.020	1087.454	1223.957	1279.301	1207.162	1140.946	1229.518	1307.784	1311.032	1348.258	1105.077	1121.522	1027.368	966.695	879.382	1325.471	1403.658	1328.738	1365.920	1089.761	979.845
746.469	170.572	40.967	87.274	183.389	146.429	110.096	0.000	121.792	129.564	87.805	995.218	1011.245	1037.580	1142.393	1345.007	1344.584	1156.949	1370.063	1436.089	1334.883	1194.983	1247.398	1191.695	1191.695	1090.817	1144.282	1346.541	1203.999	1214.763	1148.624	1011.967	1033.593	885.866	839.188	1040.075	1071.773	911.285	1160.021	860.713	930.282	1043.925	868.293	980.283	1071.314	985.425	979.679	1148.823	1073.439	987.838	898.184	854.457	1635.540	1632.601	1848.824	1645.268	1459.042	1507.637	1803.160	1851.140	1748.524	1662.517	1624.780	1620.131	1667.102	1618.770	1643.827	1676.207	1721.858	1792.671	1753.836	1773.306	1645.961	1735.130	1710.483	1509.912	1535.471	1646.848	1565.646	1580.807	1611.969	1655.180	1479.865	1541.078	1484.473	1449.711	1608.843	1604.398	1602.523	1575.475	1582.676	1632.875	1648.476	1592.710	1559.524	1628.782	1651.625	1666.337	1749.948	2041.597	2052.925	2354.611	1139.087	1206.765	1099.820	604.992	513.116	632.082	1930.800	1940.496	2175.049	2009.365	1892.608	1811.360	2013.477	2055.770	1905.473	1832.875	1802.576	1433.130	1294.677	1189.417	1124.009	1267.986	1318.562	1300.737	1385.087	1243.291	1233.513	1153.858	1152.429	1289.866	1340.983	1263.429	1192.859	1272.428	1355.071	1365.865	1402.660	1161.539	1180.637	1054.110	1004.993	922.873	1373.670	1451.735	1379.714	1408.696	1191.550	1089.917
844.382	56.749	85.488	81.920	66.620	84.792	182.171	121.792	0.000	92.737	108.396	1066.463	1088.123	1120.233	1229.144	1430.408	1425.652	1232.171	1431.247	1518.259	1423.845	1276.860	1320.063	1255.487	1255.487	1158.471	1214.150	1418.504	1288.526	1297.625	1035.416	904.285	962.077	832.245	742.418	944.926	990.353	819.938	1080.750	781.734	819.493	934.636	769.410	881.872	961.758	872.432	866.407	1041.114	968.141	883.592	792.627	746.420	1611.439	1590.396	1827.038	1636.440	1430.058	1465.094	1760.557	1823.363	1732.128	1619.712	1580.274	1586.429	1628.673	1579.368	1607.351	1640.656	1694.105	1766.289	1733.726	1758.940	1627.546	1712.462	1681.915	1481.924	1497.033	1610.529	1529.075	1542.729	1569.611	1610.662	1463.744	1525.670	1471.666	1437.585	1632.753	1619.826	1618.831	1586.960	1593.655	1645.394	1668.760	1615.351	1561.064	1629.461	1656.995	1675.709	1772.521	2085.923	2105.637	2404.193	1153.910	1190.727	1142.010	719.328	507.650	514.199	1856.334	1872.955	2102.279	1931.281	1817.195	1742.269	1941.142	1987.044	1841.439	1754.346	1723.288	1344.379	1410.780	1307.147	1241.235	1382.567	1434.010	1415.352	1497.605	1357.992	1347.750	1269.364	1263.879	1400.926	1454.170	1378.855	1309.783	1391.867	1473.482	1481.894	1518.866	1276.812	1294.850	951.082	910.349	833.085	1284.965	1362.610	1293.411	1315.396	1180.922	1126.767
875.767	142.644	118.871	42.325	103.708	25.199	121.497	129.564	92.737	0.000	51.807	980.696	1004.517	1039.228	1150.061	1350.194	1343.274	1147.579	1341.963	1436.276	1345.658	1195.120	1234.354	1167.053	1167.053	1071.312	1127.622	1332.413	1208.104	1216.332	1030.284	888.846	905.504	762.998	711.258	911.515	942.340	782.157	1030.795	731.394	809.950	921.965	740.976	852.646	949.517	867.253	861.855	1025.466	948.669	862.632	773.925	732.023	1528.937	1515.699	1743.823	1549.131	1349.302	1390.481	1686.156	1742.377	1647.067	1545.334	1506.741	1507.759	1552.169	1503.295	1529.930	1562.837	1613.040	1684.732	1649.884	1673.265	1543.077	1629.500	1601.166	1400.812	1420.446	1533.039	1451.646	1466.005	1494.978	1537.154	1378.432	1440.180	1385.361	1351.060	1540.219	1527.973	1526.886	1495.575	1502.341	1553.893	1576.468	1522.886	1471.316	1539.918	1566.577	1584.652	1680.085	1993.682	2014.383	2312.452	1061.948	1105.148	1049.835	669.715	417.732	570.387	1802.488	1813.789	2047.124	1880.466	1764.115	1684.209	1885.615	1928.778	1779.772	1703.889	1673.488	1303.624	1361.190	1261.530	1194.583	1330.104	1383.051	1362.872	1441.432	1305.808	1294.760	1218.946	1206.682	1342.805	1399.151	1327.984	1262.233	1350.974	1429.260	1431.992	1469.255	1225.921	1241.962	928.179	876.355	793.556	1244.168	1322.246	1250.150	1279.629	1093.757	1034.215
829.282	164.836	91.870	26.571	143.593	75.625	76.574	87.805	108.396	51.807	0.000	958.998	980.014	1011.843	1120.808	1322.020	1317.331	1124.268	1326.011	1409.902	1315.610	1168.496	1212.509	1149.529	1149.529	1051.659	1106.979	1311.084	1180.132	1189.240	1082.005	939.992	946.824	798.066	760.449	960.000	986.851	829.839	1074.509	775.517	861.539	973.320	790.603	902.003	1000.893	918.996	913.615	1076.532	999.371	913.213	824.829	783.343	1551.687	1545.702	1765.595	1565.483	1374.090	1420.668	1716.255	1766.591	1666.613	1575.559	1537.639	1534.408	1580.681	1532.206	1557.677	1590.208	1637.267	1708.390	1670.974	1691.961	1563.472	1651.648	1625.725	1425.181	1449.007	1560.722	1479.456	1494.408	1525.047	1568.045	1397.878	1459.322	1403.404	1368.812	1542.112	1533.700	1532.216	1503.053	1510.046	1560.931	1580.027	1525.349	1483.179	1552.171	1576.784	1593.099	1682.654	1986.378	2003.124	2302.817	1067.668	1124.580	1042.663	623.681	432.230	611.876	1844.084	1853.025	2088.064	1923.220	1806.041	1724.036	1926.465	1968.381	1817.792	1746.861	1716.719	1349.978	1315.635	1214.723	1148.048	1285.519	1337.959	1318.305	1398.294	1261.115	1250.353	1173.609	1163.879	1300.444	1355.543	1282.843	1215.997	1302.957	1382.124	1386.562	1423.742	1180.746	1197.496	978.461	924.756	840.790	1290.554	1368.694	1295.824	1327.279	1110.860	1029.579
1306.780	1121.493	1029.336	984.991	1080.863	999.941	892.243	995.218	1066.463	980.696	958.998	0.000	63.448	136.280	241.620	400.745	375.465	170.031	388.588	468.870	418.329	241.247	253.667	209.868	209.868	101.539	149.310	352.089	269.066	265.602	1674.878	1501.108	1189.275	983.387	1281.737	1395.243	1294.141	1279.668	1332.321	1155.021	1476.375	1543.156	1317.380	1385.447	1567.079	1544.194	1543.403	1604.480	1520.178	1447.325	1398.406	1393.351	1193.864	1343.834	1346.974	1078.188	1103.678	1252.827	1482.876	1397.574	1221.091	1372.213	1357.638	1261.934	1338.321	1309.198	1303.621	1321.022	1291.914	1337.905	1255.215	1225.258	1155.505	1260.828	1289.599	1131.751	1238.277	1304.629	1244.880	1269.054	1329.284	1381.279	1012.249	1051.080	988.544	958.299	805.560	861.274	853.393	866.752	876.280	905.755	863.930	800.626	930.014	991.039	973.867	956.331	936.836	1096.826	1080.628	1387.049	553.059	838.414	304.102	607.730	706.829	1515.442	1881.465	1822.454	2076.373	1985.162	1858.427	1728.972	1931.261	1932.632	1759.712	1839.210	1821.471	1619.136	808.161	793.681	742.255	750.567	805.941	772.556	781.771	738.231	720.668	708.146	611.306	684.994	765.500	769.601	770.026	908.065	921.970	854.098	885.106	706.033	689.429	1482.014	1367.226	1273.643	1573.002	1637.412	1553.835	1646.899	786.504	346.596
1284.640	1143.820	1046.661	1006.294	1106.035	1024.680	910.981	1011.245	1088.123	1004.517	980.014	63.448	0.000	72.876	182.954	356.727	340.074	146.310	399.289	433.705	368.079	196.314	239.702	229.288	229.288	126.812	152.461	338.716	218.873	219.770	1727.174	1553.441	1248.523	1041.696	1333.430	1451.037	1352.691	1333.889	1392.290	1210.027	1526.352	1595.476	1369.282	1439.590	1619.709	1594.283	1593.289	1658.744	1574.124	1500.225	1449.352	1442.750	1253.979	1406.349	1404.231	1134.684	1166.064	1315.914	1544.496	1456.242	1278.150	1434.631	1420.378	1323.630	1400.257	1371.529	1365.483	1382.544	1351.821	1396.841	1313.149	1281.425	1214.378	1319.568	1349.762	1193.637	1300.981	1366.452	1307.255	1331.478	1391.914	1443.884	1072.818	1110.712	1048.476	1018.609	848.411	909.218	900.927	917.397	926.963	954.411	907.890	844.796	984.929	1044.796	1025.320	1005.678	976.594	1112.150	1087.104	1393.847	615.061	901.663	362.618	587.036	750.908	1547.842	1944.910	1885.736	2139.593	2048.609	1921.871	1792.408	1994.631	1995.805	1822.889	1902.562	1884.761	1680.204	746.145	734.526	684.642	688.346	743.407	709.954	718.337	676.419	658.842	648.648	550.131	621.740	702.266	707.755	710.290	848.363	860.268	791.310	822.106	646.209	628.641	1536.274	1422.554	1328.362	1633.660	1698.548	1614.870	1707.104	849.637	407.016
1266.231	1176.464	1074.259	1038.322	1141.827	1060.287	940.695	1037.580	1120.233	1039.228	1011.843	136.280	72.876	0.000	119.331	311.344	307.171	147.208	419.744	398.577	313.560	157.449	240.264	266.014	266.014	178.578	182.155	334.045	169.265	177.440	1790.036	1616.426	1318.193	1110.607	1395.928	1517.428	1421.697	1398.835	1462.568	1275.798	1587.018	1658.425	1431.959	1504.402	1682.952	1655.017	1653.821	1723.575	1638.681	1563.795	1511.033	1502.903	1322.239	1477.580	1469.060	1198.810	1237.154	1387.968	1614.539	1522.707	1342.820	1505.728	1491.919	1393.806	1470.728	1442.517	1435.863	1452.489	1419.798	1463.646	1378.813	1345.065	1281.188	1386.173	1418.048	1264.079	1372.479	1436.782	1378.310	1402.596	1463.303	1515.234	1141.691	1178.463	1116.609	1087.201	898.080	964.218	955.503	975.319	984.908	1010.082	958.566	895.903	1047.434	1105.936	1083.931	1062.002	1022.473	1130.381	1095.400	1401.520	685.857	973.998	430.384	574.740	807.064	1590.371	2017.664	1958.095	2211.837	2121.407	1994.690	1865.112	2067.160	2067.974	1895.067	1975.438	1957.624	1751.410	676.235	669.167	621.736	618.126	672.610	639.050	645.670	606.906	589.323	582.923	481.869	549.586	630.142	638.160	644.076	782.012	790.802	720.039	750.435	579.973	560.885	1601.152	1488.513	1393.788	1704.512	1769.812	1686.053	1777.545	921.797	476.425
1318.894	1285.638	1179.950	1147.360	1253.162	1171.649	1048.367	1142.393	1229.144	1150.061	1120.808	241.620	182.954	119.331	0.000	203.051	215.853	151.256	404.143	299.637	196.579	83.801	212.946	292.464	292.464	242.648	214.634	284.471	68.102	88.949	1908.525	1734.859	1430.749	1224.377	1514.518	1633.899	1535.295	1516.310	1573.939	1392.728	1706.090	1776.875	1550.491	1621.963	1801.288	1774.079	1772.920	1841.137	1756.393	1681.987	1629.874	1622.056	1391.214	1558.880	1526.308	1255.068	1318.276	1474.456	1689.842	1584.918	1400.039	1586.260	1574.926	1470.181	1548.253	1522.617	1513.052	1527.713	1487.455	1527.147	1438.924	1399.272	1345.320	1449.257	1486.822	1341.999	1455.485	1513.741	1458.894	1483.450	1545.499	1597.115	1213.590	1246.174	1185.926	1158.299	922.007	999.053	989.462	1016.870	1026.428	1046.030	983.938	922.901	1100.049	1154.538	1126.287	1099.036	1037.217	1094.213	1043.937	1347.139	768.291	1063.662	506.046	643.862	926.377	1705.185	2110.361	2046.256	2298.812	2214.867	2088.713	1957.150	2156.884	2154.458	1981.785	2072.419	2055.604	1860.411	613.889	626.978	589.203	554.984	605.147	571.393	561.746	547.850	530.584	541.208	432.271	473.529	553.144	578.104	599.091	734.268	729.332	648.867	676.006	536.324	511.307	1718.680	1605.319	1510.962	1814.503	1878.636	1795.137	1888.508	1010.310	556.195
1497.725	1486.782	1382.372	1348.542	1452.953	1371.409	1250.122	1345.007	1430.408	1350.194	1322.020	400.745	356.727	311.344	203.051	0.000	67.584	240.556	348.781	103.671	58.527	160.559	211.083	336.298	336.298	352.589	297.537	200.574	142.133	136.973	2072.775	1899.073	1569.596	1368.906	1680.546	1787.163	1677.224	1675.108	1707.958	1549.209	1876.381	1941.108	1715.956	1780.872	1964.628	1944.115	1943.441	1999.418	1915.783	1844.615	1797.792	1793.661	1427.399	1618.053	1537.946	1269.256	1380.181	1545.755	1735.110	1605.280	1413.461	1643.509	1637.570	1520.136	1599.629	1579.667	1564.148	1574.593	1519.673	1550.729	1457.225	1407.066	1372.798	1473.105	1521.253	1396.917	1519.488	1564.355	1517.731	1542.552	1606.726	1657.113	1258.583	1282.338	1226.405	1202.835	887.966	981.163	970.356	1010.252	1019.458	1028.625	950.139	894.105	1111.007	1156.819	1118.015	1082.041	983.651	958.991	888.230	1184.164	846.549	1148.170	587.985	838.479	1106.557	1901.274	2190.810	2116.519	2365.010	2296.613	2172.450	2036.925	2230.106	2220.296	2049.191	2163.493	2149.266	1985.422	660.923	708.745	688.188	605.133	642.599	611.135	565.464	606.379	591.241	629.800	519.069	505.151	574.276	632.244	678.155	800.806	770.932	675.400	693.635	622.267	589.793	1877.103	1760.303	1668.170	1942.829	2003.017	1920.715	2019.667	1093.512	641.154
1530.651	1481.665	1381.070	1343.738	1445.241	1363.790	1246.917	1344.584	1425.652	1343.274	1317.331	375.465	340.074	307.171	215.853	67.584	0.000	206.977	281.225	93.736	125.305	149.743	156.100	281.203	281.203	313.267	254.768	133.054	147.951	131.644	2037.093	1863.608	1524.814	1326.579	1646.302	1747.182	1633.265	1637.606	1661.352	1510.995	1843.924	1905.591	1681.377	1743.227	1928.666	1911.429	1911.006	1961.177	1878.133	1808.504	1764.259	1762.019	1362.549	1555.632	1471.181	1202.812	1318.466	1485.191	1670.901	1539.001	1346.865	1580.807	1575.602	1456.663	1536.239	1517.009	1500.762	1510.706	1454.369	1484.707	1390.901	1340.173	1307.224	1407.158	1456.146	1334.223	1457.862	1500.911	1455.387	1480.211	1544.597	1594.760	1194.890	1217.660	1162.260	1139.186	820.410	913.647	902.826	943.007	952.195	961.103	882.596	826.521	1044.516	1089.824	1050.655	1014.511	916.773	904.977	841.250	1140.859	789.281	1090.767	533.956	859.702	1081.649	1887.720	2131.071	2055.215	2302.964	2237.019	2113.291	1977.194	2169.173	2158.283	1987.518	2105.688	2091.977	1935.732	724.619	768.098	744.430	668.196	707.171	675.339	632.175	668.441	652.930	687.544	576.157	569.499	639.922	694.995	737.766	862.761	835.579	741.023	759.925	680.409	648.909	1839.096	1721.058	1630.008	1894.143	1953.129	1871.268	1971.723	1036.042	587.045
1413.357	1287.613	1192.088	1150.450	1248.449	1167.292	1055.971	1156.949	1232.171	1147.579	1124.268	170.031	146.310	147.208	151.256	240.556	206.977	0.000	273.809	299.716	269.771	96.235	95.041	141.237	141.237	113.151	66.726	192.981	133.937	118.361	1833.019	1659.379	1330.286	1128.706	1441.337	1546.607	1437.495	1434.796	1469.711	1308.762	1638.151	1701.399	1476.600	1540.540	1724.764	1705.759	1705.233	1758.996	1675.460	1604.689	1558.951	1555.932	1243.664	1416.945	1375.774	1104.526	1176.704	1336.232	1544.522	1435.266	1249.558	1443.820	1434.045	1325.658	1404.201	1380.025	1368.877	1382.550	1339.355	1377.834	1288.922	1248.405	1196.323	1299.900	1339.094	1198.508	1314.824	1369.448	1316.699	1341.373	1404.145	1455.477	1067.452	1098.384	1038.810	1011.939	773.556	848.492	839.015	865.699	875.261	895.358	835.203	773.687	949.148	1003.337	975.106	948.268	891.939	983.211	949.327	1255.730	630.202	929.479	366.904	720.532	874.825	1685.313	1976.357	1908.420	2159.827	2081.471	1956.021	1822.731	2020.190	2015.241	1842.923	1942.897	1927.262	1749.826	765.102	776.506	736.329	706.198	756.021	722.295	708.834	699.089	681.809	690.408	582.491	623.404	702.493	729.360	749.054	884.846	880.531	799.167	825.601	685.888	661.756	1636.712	1519.765	1427.740	1706.211	1767.633	1684.894	1782.328	875.390	418.975
1682.828	1484.461	1402.011	1351.217	1438.041	1359.008	1263.796	1370.063	1431.247	1341.963	1326.011	388.588	399.289	419.744	404.143	348.781	281.225	273.809	0.000	316.804	405.716	322.273	191.308	180.189	180.189	287.197	246.844	148.230	352.798	327.307	1899.090	1728.388	1351.290	1168.113	1519.472	1592.927	1462.117	1496.119	1477.548	1368.259	1722.381	1769.668	1552.514	1599.641	1790.501	1788.065	1788.763	1812.464	1732.933	1671.038	1638.939	1645.180	1093.197	1297.389	1192.771	926.093	1064.836	1236.260	1403.885	1262.670	1069.282	1321.127	1319.452	1193.708	1273.421	1257.774	1238.077	1245.588	1182.641	1209.596	1114.513	1061.283	1034.496	1132.492	1185.349	1075.610	1203.889	1237.947	1197.922	1222.657	1287.798	1336.698	931.960	949.620	897.176	876.802	540.001	632.467	621.619	662.813	671.915	679.907	602.329	545.537	767.823	810.647	769.949	733.301	642.200	713.031	692.122	998.468	568.883	861.804	353.601	986.194	1011.474	1847.862	1883.500	1800.712	2044.634	1989.832	1868.416	1730.119	1916.092	1900.352	1731.486	1867.020	1855.715	1735.195	992.995	1022.874	990.067	935.104	978.308	945.557	910.109	932.425	915.998	938.630	827.535	840.872	914.599	960.762	993.693	1124.777	1106.347	1015.252	1036.233	932.783	904.613	1692.721	1570.479	1485.623	1698.531	1751.562	1672.326	1778.930	807.708	399.637
1601.394	1574.355	1472.833	1436.339	1538.385	1456.908	1339.136	1436.089	1518.259	1436.276	1409.902	468.870	433.705	398.577	299.637	103.671	93.736	299.716	316.804	0.000	148.646	241.427	238.458	358.991	358.991	403.126	343.604	181.446	233.822	221.349	2125.843	1952.526	1607.678	1411.576	1735.899	1833.519	1716.733	1725.525	1742.458	1598.572	1934.239	1994.469	1770.803	1831.011	2017.305	2001.628	2001.311	2048.519	1965.856	1897.109	1854.136	1852.689	1409.850	1611.078	1507.322	1242.003	1376.308	1545.644	1720.258	1578.558	1384.593	1635.377	1632.306	1508.982	1588.699	1571.815	1553.294	1561.493	1499.445	1525.951	1430.451	1375.469	1351.276	1448.986	1502.135	1389.253	1515.681	1553.250	1511.220	1536.013	1600.898	1650.344	1247.024	1266.025	1212.859	1191.625	842.019	941.580	930.344	975.778	984.676	988.594	903.284	850.614	1083.880	1124.840	1081.302	1041.512	926.883	867.461	790.194	1083.558	858.367	1158.567	609.592	940.248	1174.524	1981.433	2192.710	2113.157	2358.710	2298.902	2176.209	2038.982	2227.965	2214.231	2044.544	2171.336	2158.600	2013.431	741.494	798.231	781.958	687.754	720.562	690.509	633.952	691.342	677.088	721.943	612.596	584.945	648.602	715.464	767.353	885.072	847.924	749.075	763.813	713.908	680.193	1926.627	1807.885	1717.548	1972.979	2030.591	1949.286	2051.290	1103.870	662.172
1459.977	1480.435	1372.927	1342.177	1448.911	1367.436	1242.593	1334.883	1423.845	1345.658	1315.610	418.329	368.079	313.560	196.579	58.527	125.305	269.771	405.716	148.646	0.000	178.768	257.120	380.009	380.009	382.889	331.898	257.547	149.531	154.401	2093.205	1919.435	1599.174	1396.360	1699.977	1811.901	1705.897	1697.601	1739.199	1572.517	1893.952	1961.483	1735.660	1803.395	1985.404	1961.839	1960.932	2022.325	1938.194	1865.631	1816.437	1810.556	1478.881	1666.295	1592.464	1323.232	1427.673	1591.804	1785.621	1658.907	1467.681	1692.092	1685.250	1569.739	1649.099	1628.217	1613.624	1624.719	1571.781	1603.937	1510.953	1461.859	1425.348	1526.208	1573.073	1445.589	1566.804	1613.905	1565.918	1590.724	1654.614	1705.258	1308.581	1333.631	1277.007	1252.806	945.407	1037.682	1026.949	1065.904	1075.156	1085.174	1007.641	951.244	1165.108	1211.870	1173.961	1138.626	1041.968	1013.226	938.690	1232.055	889.694	1191.002	628.733	811.616	1118.478	1901.745	2235.668	2163.246	2412.592	2341.275	2216.643	2081.816	2276.361	2267.865	2096.384	2206.156	2191.359	2019.562	602.945	652.955	634.392	547.441	584.322	552.984	507.041	549.166	534.232	575.104	465.033	446.980	515.773	574.680	622.241	743.547	712.616	616.896	635.123	567.325	534.283	1899.884	1784.365	1691.293	1975.978	2037.348	1954.645	2052.026	1136.479	681.739
1398.670	1332.983	1231.578	1194.940	1297.398	1215.891	1097.722	1194.983	1276.860	1195.120	1168.496	241.247	196.314	157.449	83.801	160.559	149.743	96.235	322.273	241.427	178.768	0.000	132.256	228.620	228.620	207.111	162.524	200.936	38.376	24.463	1915.557	1741.797	1420.882	1217.684	1522.696	1633.198	1527.380	1519.273	1561.436	1394.001	1717.614	1783.844	1558.266	1625.069	1807.619	1785.425	1784.645	1843.926	1759.906	1687.751	1639.533	1634.594	1336.028	1512.041	1463.907	1192.806	1271.963	1432.108	1638.250	1525.158	1337.901	1538.758	1529.413	1419.841	1498.564	1474.930	1463.199	1476.407	1431.186	1468.257	1378.282	1335.551	1287.253	1390.299	1431.264	1293.158	1410.267	1463.718	1411.744	1436.446	1499.402	1550.647	1160.906	1190.623	1131.629	1105.290	847.058	927.772	917.872	948.311	957.818	975.022	909.259	848.994	1036.408	1088.713	1057.690	1028.291	959.194	1010.696	962.283	1266.265	726.271	1025.706	463.034	717.860	946.095	1742.800	2072.550	2004.288	2255.496	2177.684	2052.251	1918.910	2116.188	2110.880	1938.640	2039.085	2023.392	1843.228	682.667	703.350	668.359	623.942	671.469	637.949	618.265	618.714	601.758	618.280	507.961	536.623	614.540	648.244	674.768	808.233	797.672	712.767	737.747	612.864	586.162	1721.505	1605.741	1512.823	1799.065	1861.134	1778.199	1874.686	971.602	515.185
1506.034	1375.143	1282.007	1238.543	1334.402	1253.542	1145.279	1247.398	1320.063	1234.354	1212.509	253.667	239.702	240.264	212.946	211.083	156.100	95.041	191.308	238.458	257.120	132.256	0.000	125.594	125.594	170.318	110.247	99.319	165.716	140.942	1888.108	1714.927	1370.087	1173.224	1498.923	1595.063	1478.878	1487.402	1505.908	1360.337	1698.054	1756.835	1533.652	1592.827	1779.513	1765.271	1765.094	1810.188	1727.640	1659.311	1617.427	1617.055	1223.491	1409.175	1343.131	1072.673	1170.618	1335.274	1529.247	1407.068	1217.602	1434.988	1428.173	1312.893	1392.194	1371.110	1356.724	1368.124	1317.156	1351.210	1259.498	1213.626	1171.514	1273.327	1318.052	1188.501	1309.792	1357.034	1308.799	1333.605	1397.511	1448.140	1051.977	1078.100	1020.839	996.202	716.262	799.503	789.370	822.398	831.836	846.908	778.573	718.858	915.210	965.136	931.532	900.318	827.063	892.461	855.161	1161.375	635.511	937.139	378.197	814.769	946.355	1765.896	1979.923	1906.438	2155.546	2085.681	1961.430	1826.041	2019.760	2010.820	1839.422	1952.441	1938.292	1779.664	812.167	835.466	800.545	753.651	799.720	766.421	740.512	749.265	732.460	750.496	640.041	663.588	740.086	778.439	806.770	939.730	926.743	839.486	863.001	745.025	718.035	1688.353	1569.468	1479.291	1738.190	1797.048	1715.222	1815.897	882.468	431.340
1512.693	1309.268	1224.177	1174.973	1264.447	1184.743	1086.108	1191.695	1255.487	1167.053	1149.529	209.868	229.288	266.014	292.464	336.298	281.203	141.237	180.189	358.991	380.009	228.620	125.594	0.000	0.000	108.443	84.309	190.631	266.792	245.868	1774.943	1602.300	1249.093	1054.688	1388.201	1477.988	1358.420	1373.047	1383.469	1245.527	1588.904	1644.072	1422.443	1478.100	1666.227	1655.691	1655.809	1694.501	1612.672	1546.091	1507.215	1509.109	1107.889	1287.971	1235.887	964.691	1048.677	1211.904	1411.274	1296.594	1109.777	1314.193	1306.314	1193.645	1272.663	1250.313	1237.236	1249.665	1202.782	1239.640	1149.819	1108.028	1058.654	1161.683	1203.004	1068.011	1187.594	1237.659	1187.586	1212.358	1275.897	1326.799	933.778	962.446	903.870	878.073	635.189	707.743	698.382	724.468	734.032	754.497	696.427	634.432	808.773	862.366	833.872	807.313	757.058	887.233	871.979	1178.079	510.347	811.937	252.755	814.093	852.435	1682.860	1855.706	1783.547	2033.401	1961.355	1836.863	1701.845	1896.474	1888.686	1716.958	1827.277	1812.975	1655.389	906.193	917.049	875.629	847.294	896.759	863.065	846.771	840.313	823.039	830.831	723.428	763.418	842.053	870.555	889.822	1025.877	1021.596	939.399	965.253	826.490	802.764	1573.083	1453.152	1364.255	1614.413	1672.681	1591.073	1692.497	757.304	305.860
1512.693	1309.268	1224.177	1174.973	1264.447	1184.743	1086.108	1191.695	1255.487	1167.053	1149.529	209.868	229.288	266.014	292.464	336.298	281.203	141.237	180.189	358.991	380.009	228.620	125.594	0.000	0.000	108.443	84.309	190.631	266.792	245.868	1774.943	1602.300	1249.093	1054.688	1388.201	1477.988	1358.420	1373.047	1383.469	1245.527	1588.904	1644.072	1422.443	1478.100	1666.227	1655.691	1655.809	1694.501	1612.672	1546.091	1507.215	1509.109	1107.889	1287.971	1235.887	964.691	1048.677	1211.904	1411.274	1296.594	1109.777	1314.193	1306.314	1193.645	1272.663	1250.313	1237.236	1249.665	1202.782	1239.640	1149.819	1108.028	1058.654	1161.683	1203.004	1068.011	1187.594	1237.659	1187.586	1212.358	1275.897	1326.799	933.778	962.446	903.870	878.073	635.189	707.743	698.382	724.468	734.032	754.497	696.427	634.432	808.773	862.366	833.872	807.313	757.058	887.233	871.979	1178.079	510.347	811.937	252.755	814.093	852.435	1682.860	1855.706	1783.547	2033.401	1961.355	1836.863	1701.845	1896.474	1888.686	1716.958	1827.277	1812.975	1655.389	906.193	917.049	875.629	847.294	896.759	863.065	846.771	840.313	823.039	830.831	723.428	763.418	842.053	870.555	889.822	1025.877	1021.596	939.399	965.253	826.490	802.764	1573.083	1453.152	1364.255	1614.413	1672.681	1591.073	1692.497	757.304	305.860
1405.539	1212.931	1124.160	1077.404	1170.206	1089.806	986.492	1090.817	1158.471	1071.312	1051.659	101.539	126.812	178.578	242.648	352.589	313.267	113.151	287.197	403.126	382.889	207.111	170.318	108.443	108.443	0.000	60.220	263.637	243.141	230.376	1723.834	1550.341	1217.357	1016.324	1333.129	1435.190	1324.746	1324.583	1356.587	1198.162	1531.143	1592.325	1368.159	1430.251	1615.420	1598.564	1598.219	1648.406	1565.171	1495.265	1451.201	1449.565	1151.458	1316.262	1293.118	1022.394	1075.646	1232.126	1448.137	1348.631	1166.796	1343.690	1332.281	1228.167	1306.046	1280.074	1270.895	1285.975	1248.322	1290.104	1203.812	1168.187	1107.820	1212.397	1247.205	1099.672	1212.844	1271.627	1216.306	1240.848	1302.854	1354.477	972.634	1006.853	945.882	917.569	722.580	786.120	777.534	796.743	806.332	831.815	782.447	719.503	869.981	927.835	905.360	883.605	849.952	995.645	979.310	1285.654	525.784	822.454	263.424	706.641	776.045	1597.228	1869.535	1804.086	2056.408	1974.328	1848.487	1716.124	1915.049	1912.004	1739.384	1833.895	1817.789	1636.805	847.471	846.316	800.012	788.824	841.467	807.703	803.779	779.228	761.695	759.940	656.676	713.137	793.338	810.209	820.630	958.265	962.703	887.047	915.570	756.615	736.076	1526.236	1408.674	1317.174	1593.092	1654.638	1571.849	1669.178	768.787	313.660
1436.736	1268.897	1178.186	1132.860	1227.060	1146.435	1040.876	1144.282	1214.150	1127.622	1106.979	149.310	152.461	182.155	214.634	297.537	254.768	66.726	246.844	343.604	331.898	162.524	110.247	84.309	84.309	60.220	0.000	205.244	200.499	183.789	1782.609	1609.198	1272.299	1072.600	1392.328	1492.559	1380.197	1382.873	1410.422	1256.229	1590.673	1651.162	1427.272	1488.479	1674.133	1658.041	1657.742	1706.409	1623.380	1553.954	1510.534	1509.250	1177.691	1350.223	1311.741	1040.513	1109.978	1269.630	1478.058	1370.348	1185.457	1377.109	1367.323	1259.081	1337.581	1313.318	1302.267	1316.055	1273.585	1312.678	1224.294	1184.932	1130.970	1234.771	1273.187	1131.838	1248.107	1302.849	1249.980	1274.652	1337.419	1388.752	1001.100	1032.481	972.688	945.627	719.146	790.079	780.893	805.158	814.741	836.613	780.236	718.064	885.777	940.992	914.440	889.212	841.365	959.701	936.111	1242.833	563.751	863.406	300.555	739.469	836.204	1656.254	1910.116	1841.816	2093.150	2015.297	1889.950	1756.454	1953.669	1948.557	1776.259	1877.304	1861.872	1688.534	827.889	835.164	792.639	769.000	819.675	785.908	774.659	761.127	743.745	748.831	642.363	688.049	767.468	791.653	808.303	944.896	943.357	863.494	890.452	744.735	721.827	1584.331	1466.335	1375.242	1645.570	1706.220	1623.732	1722.229	809.233	352.855
1595.853	1473.447	1381.037	1337.066	1432.108	1351.392	1244.174	1346.541	1418.504	1332.413	1311.084	352.089	338.716	334.045	284.471	200.574	133.054	192.981	148.230	181.446	257.547	200.936	99.319	190.631	190.631	263.637	205.244	0.000	223.352	198.369	1965.515	1792.914	1436.244	1243.871	1578.790	1667.697	1546.033	1563.508	1568.652	1435.929	1779.349	1834.677	1613.059	1668.486	1856.794	1846.194	1846.278	1884.639	1802.993	1736.668	1697.771	1699.355	1233.667	1431.274	1338.944	1071.126	1195.733	1364.557	1543.077	1407.524	1214.903	1455.885	1452.109	1330.343	1410.026	1392.222	1374.580	1383.561	1324.613	1353.675	1259.377	1207.758	1177.032	1276.274	1326.750	1209.524	1335.148	1374.617	1331.261	1356.072	1420.815	1470.503	1068.357	1089.190	1034.868	1012.800	687.908	780.597	769.783	810.147	819.313	828.055	750.173	693.709	912.791	957.284	917.671	881.469	786.923	809.770	763.880	1069.126	677.711	977.429	433.388	908.368	1036.820	1860.842	2011.508	1932.693	2178.934	2117.673	1994.861	1857.749	2047.300	2034.370	1864.325	1989.897	1977.204	1836.233	849.677	885.407	856.505	792.317	833.834	801.424	762.910	790.847	774.770	802.540	690.928	696.145	768.649	818.488	855.662	984.338	962.137	869.549	889.709	796.121	766.450	1763.343	1643.142	1554.596	1796.731	1853.205	1772.368	1875.662	922.756	485.200
