#Vessels
3
100	25000	0.23		<8	0.305>	<9	0.403>	<10	0.531>	<11	0.729>	<12	1.000>
200	30000	0.28		<8	0.310>	<9	0.407>	<10	0.533>	<11	0.727>	<12	1.000>
300	35000	0.33		<8	0.320>	<9	0.419>	<10	0.547>	<11	0.738>	<12	1.000>
#Ports
12
1	Bremerhaven	CP	0	0
2	Kristiansand	S	6	16
3	Stavanger	S	65	32
4	Bergen	S	17	37
5	Alesund	S	10	50
6	Gothenburg	S	597	660
7	Aarhus	S	456	397
8	Gdynia	S	98	231
9	Kaliningrad	S	268	7
10	Rauma	S	18	77
11	Kotka	S	187	162
12	St_Petersburg	S	1215	298
#
0	292	366	447	545	362	447	762	832	1060	1075	1178
292	0	142	226	393	134	219	534	604	832	847	950
366	142	0	111	278	263	348	663	733	961	976	1079
447	226	111	0	167	347	432	747	817	1045	1060	1163
545	393	278	167	0	453	577	892	962	1190	1178	1291
362	134	263	347	453	0	139	463	533	782	725	838
447	219	348	432	577	139	0	406	456	776	796	819
762	534	663	747	892	463	406	0	70	608	514	578
832	604	733	817	962	533	456	70	0	678	475	580
1060	832	961	1045	1190	782	776	608	678	0	541	616
1075	847	976	1060	1178	725	796	514	475	541	0	113
1178	950	1079	1163	1291	838	819	578	580	616	113	0
#Ports_to_main
1	2	6	3	7	4	8	9	5
2	3	6	4	7	5	8	9
3	4	2	5	6	7	8	9
4	5	3	2	6	7	8	9
5	4	3	2	6	7	8	9
6	2	7	3	8	4	8	9
7	6	2	3	7	4	8	9
8	7	6	9	10	11	12
9	8	7	11	6	10	9
10	11	12	9	8	7	6	
11	12	10	9	8	7	6
12	11	10	9	8	7	6
