#Vessels
3
100	25000	0.23		<8	0.305>	<9	0.403>	<10	0.531>	<11	0.729>	<12	1.000>
200	30000	0.28		<8	0.310>	<9	0.407>	<10	0.533>	<11	0.727>	<12	1.000>
300	35000	0.33		<8	0.320>	<9	0.419>	<10	0.547>	<11	0.738>	<12	1.000>
#Ports
32
1	Gioia_Tauro	CP	0	0
2	Tunis	S	7	8
3	Skikda	S	4	0
4	Genoa	S	36	0
5	Bejaia	S	9	0
6	Algiers	S	11	0
7	Piraeus	S	12	0
8	Barcelona	S	3	0
9	Tarragona	S	3	0
10	Valencia	S	2	0
11	Oran	S	2	0
12	Sfax	S	1	0
13	Izmir	S	11	11
14	Trieste	S	1	0
15	Thessaloniki	S	16	0
16	Damietta	S	1	0
17	Alexandria	S	15	20
18	Ambarli	S	66	0
19	Ashdod	S	14	16
20	Haifa	S	0	15
21	Limassol	S	4	8
22	Varna	S	8	12
23	Beirut	S	16	0
24	Casablanca	S	104	0
25	Latakia	S	25	0
26	Mersin	S	4	12
27	Odessa	S	30	0
28	Agadir	S	3	10
29	Leixoes	S	4	18
30	Vigo	S	4	0
31	Poti	S	20	9
32	Las_Palmas	S	0	24
# dist table
0	317	479	517	564	637	655	698	751	780	833	851	854	877	903	939	966	1012	1065	1134	1147	1162	1169	1218	1249	1253	1367	1475	1510	1556	1569	1733
317	0	211	472	310	392	701	492	545	560	589	928	896	930	945	1172	1051	1050	1298	1260	1150	1160	1263	986	1258	1299	1399	1243	1266	1324	1615	1501
479	211	0	469	99	200	871	354	360	430	398	1064	1077	1097	1126	1337	1232	1231	1463	1441	1331	1332	1444	795	1453	1469	1579	1052	1082	1133	1785	1310
517	472	469	0	493	531	906	356	409	512	686	711	1106	1118	1155	1426	1316	1260	1534	1505	1393	1412	1508	1034	1515	1483	1618	1291	1314	1372	1820	1549
564	310	99	493	0	112	956	307	343	342	304	1149	1162	1182	1211	1423	1317	1316	1549	1526	1416	1431	1529	711	1535	1441	1664	968	994	1049	1870	1226
637	392	200	531	112	0	1032	282	276	230	205	1091	1221	1254	1270	1514	1393	1389	1596	1602	1492	1532	1604	603	1614	1553	1724	860	882	941	1946	1118
655	701	871	906	956	1032	0	1095	1148	1174	1230	1242	210	709	259	599	515	402	721	650	554	507	647	1627	625	598	712	1884	1907	1965	914	2142
698	492	354	356	307	282	1095	0	53	165	365	1018	1295	1313	1344	1600	1482	1449	1681	1679	1562	1601	1673	700	1684	1693	1737	957	980	1038	2009	1215
751	545	360	409	343	276	1148	53	0	124	336	1071	1348	1366	1397	1634	1535	1502	1734	1732	1615	1654	1726	667	1662	1746	1790	924	967	1005	2062	1182
780	560	430	512	342	230	1174	165	124	0	238	1134	1378	1396	1427	1679	1559	1532	1805	1767	1657	1681	1770	569	1765	1772	1886	826	850	907	2088	1084
833	589	398	686	304	205	1230	365	336	238	0	1195	1426	1450	1475	1711	1590	1586	1801	1800	1689	1730	1803	418	1764	1745	1929	675	697	756	2144	933
851	928	1064	711	1149	1091	1242	1018	1071	1134	1195	0	1442	1464	1453	1131	1265	1596	1257	1326	1339	1748	1275	1209	1277	1312	1954	1466	1509	1547	2156	1724
854	896	1077	1106	1162	1221	210	1295	1348	1378	1426	1442	0	908	259	608	547	277	668	650	566	429	649	1824	684	635	640	2081	2103	2162	838	2339
877	930	1097	1118	1182	1254	709	1313	1366	1396	1450	1464	908	0	957	1308	1200	1063	1377	1359	1263	1215	1356	1848	1334	1307	1411	2105	2127	2186	1623	2363
903	945	1126	1155	1211	1270	259	1344	1397	1427	1475	1453	259	957	0	741	678	338	867	782	756	490	781	1873	817	726	686	2130	2152	2211	975	2388
939	1172	1337	1426	1423	1514	599	1600	1634	1679	1711	1131	608	1308	741	0	134	804	126	195	208	956	230	2112	310	359	1152	2366	2388	2450	1441	2627
966	1051	1232	1316	1317	1393	515	1482	1535	1559	1590	1265	547	1200	678	134	0	784	260	295	272	936	341	1988	402	447	1090	2245	2267	2326	1385	2503
1012	1050	1231	1260	1316	1389	402	1449	1502	1532	1586	1596	277	1063	338	804	784	0	930	839	718	152	838	1979	841	814	406	2236	2262	2317	637	2494
1065	1298	1463	1534	1549	1596	721	1681	1734	1805	1801	1257	668	1377	867	126	260	930	0	212	334	1082	136	2192	362	315	1278	2444	2466	2530	1506	2707
1134	1260	1441	1505	1526	1602	650	1679	1732	1767	1800	1326	650	1359	782	195	295	839	212	0	142	987	76	2195	168	255	1197	2452	2477	2533	1400	2710
1147	1150	1331	1393	1416	1492	554	1562	1615	1657	1689	1339	566	1263	756	208	272	718	334	142	0	870	218	2080	146	175	1078	2337	2366	2418	1258	2595
1162	1160	1332	1412	1431	1532	507	1601	1654	1681	1730	1748	429	1215	490	956	936	152	1082	987	870	0	990	2127	950	928	255	2384	2409	2465	589	2642
1169	1263	1444	1508	1529	1604	647	1673	1726	1770	1803	1275	649	1356	781	230	341	838	136	76	218	990	0	2200	226	179	1194	2452	2474	2538	1448	2715
1218	986	795	1034	711	603	1627	700	667	569	418	1209	1824	1848	1873	2112	1988	1979	2192	2195	2080	2127	2200	0	2182	2152	2327	257	504	545	2541	519
1249	1258	1453	1515	1535	1614	625	1684	1662	1765	1764	1277	684	1334	817	310	402	841	362	168	146	950	226	2182	0	94	1174	2439	2461	2520	1404	2697
1253	1299	1469	1483	1441	1553	598	1693	1746	1772	1745	1312	635	1307	726	359	447	814	315	255	175	928	179	2152	94	0	1183	2409	2435	2490	1433	2667
1367	1399	1579	1618	1664	1724	712	1737	1790	1886	1929	1954	640	1411	686	1152	1090	406	1278	1197	1078	255	1194	2327	1174	1183	0	2584	2606	2665	547	2842
1475	1243	1052	1291	968	860	1884	957	924	826	675	1466	2081	2105	2130	2366	2245	2236	2444	2452	2337	2384	2452	257	2439	2409	2584	0	687	727	2798	337
1510	1266	1082	1314	994	882	1907	980	967	850	697	1509	2103	2127	2152	2388	2267	2262	2466	2477	2366	2409	2474	504	2461	2435	2606	687	0	427	2821	892
1556	1324	1133	1372	1049	941	1965	1038	1005	907	756	1547	2162	2186	2211	2450	2326	2317	2530	2533	2418	2465	2538	545	2520	2490	2665	727	427	0	2879	959
1569	1615	1785	1820	1870	1946	914	2009	2062	2088	2144	2156	838	1623	975	1441	1385	637	1506	1400	1258	589	1448	2541	1404	1433	547	2798	2821	2879	0	3056
1733	1501	1310	1549	1226	1118	2142	1215	1182	1084	933	1724	2339	2363	2388	2627	2503	2494	2707	2710	2595	2642	2715	519	2697	2667	2842	337	892	959	3056	0
#Ports_to_main
1	2	4	3	5	12	7
2	12	3	5	6	4	7
3	5	2	6	8	11	9
4	8	9	2	3	6	10
5	6	3	10	11	9	10
6	5	11	10	9	8	
7	15	2	13	18	22	14
8	9	10	6	4	5	11
9	8	10	6	4	5	11
10	9	8	6	11	5	3
11	10	6	24	8	5	3
12	2	3	5	4	7	
13	7	15	18	21	17	26
14	7	2	12	13	15	
15	7	13	18	22	27	17
16	17	19	20	23	21	25
17	16	19	20	21	23	25
18	22	13	27	15	31	7
19	20	23	21	25	17	25
20	19	23	21	25	26	18
21	23	25	20	26	19	16
22	18	27	31	13	15	7
23	20	21	19	25	26	16
24	28	11	32	29	30	
25	26	23	21	17	20	19
26	25	21	23	20	19	17
27	22	31	18	13	15	
28	24	32	29	30	11	
29	30	24	28	32	11	
30	29	24	28	11	32	
31	27	18	22	13	15	
32	28	24	29	30	11	
