#Vessels
3
100	25000	0.23		<8	0.305>	<9	0.403>	<10	0.531>	<11	0.729>	<12	1.000>
200	30000	0.28		<8	0.310>	<9	0.407>	<10	0.533>	<11	0.727>	<12	1.000>
300	35000	0.33		<8	0.320>	<9	0.419>	<10	0.547>	<11	0.738>	<12	1.000>
#Ports
20
1	Algeciras	CP	0	0
2	Dakar	S	565	189
3	Conakry	S	267	59
4	Freetown	S	101	16
5	Monrovia	S	142	0
6	Bissau	S	5	40
7	Abidjan	S	317	326
8	Takoradi	S	785	227
9	Lome	S	412	140
10	Cotonou	S	683	94
11	Apapa	S	1573	88
12	Djibouti	S	162	37
13	Libreville	S	128	54
14	Port_Gentil	S	2	8
15	Douala	S	274	286
16	Pointe_Noire	S	133	19
17	Boma	S	60	0
18	Matadi	S	220	17
19	Luanda	S	696	2
20	Lobito	S	311	51
# dist table
0	1485	1928	1968	2178	2195	2538	2695	2887	2952	3000	3299	3382	3388	3409	3626	3725	3769	3883	4099
1485	0	443	483	693	1712	1151	1290	1482	1547	1608	4778	1977	1971	2004	2218	2269	2314	2459	2691
1928	443	0	93	323	1423	782	920	1112	1177	1211	5221	1607	1550	1634	1793	1899	1915	2059	2266
1968	483	93	0	278	1502	689	829	1029	1086	1150	5259	1516	1496	1551	1777	1854	1844	2034	2250
2178	693	323	278	0	1700	469	597	789	854	915	5470	1284	1278	1311	1525	1576	1621	1766	1998
2195	1712	1423	1502	1700	0	2147	2297	2489	2554	2612	5488	2984	2973	3011	3216	3276	3321	3409	3646
2538	1151	782	689	469	2147	0	157	349	414	478	5785	844	850	871	1088	1187	1231	1345	1561
2695	1290	920	829	597	2297	157	0	200	257	321	5942	687	698	722	1001	1064	1105	1254	1474
2887	1482	1112	1029	789	2489	349	200	0	71	134	6134	596	584	522	910	1050	1066	1176	1383
2952	1547	1177	1086	854	2554	414	257	71	0	64	6199	547	564	486	855	995	1006	1121	1328
3000	1608	1211	1150	915	2612	478	321	134	64	0	6247	515	540	449	838	933	1002	1104	1311
3299	4778	5221	5259	5470	5488	5785	5942	6134	6199	6247	0	6246	6307	6474	5948	5864	5951	5716	5529
3382	1977	1607	1516	1284	2984	844	687	596	547	515	6246	0	83	228	426	553	571	676	899
3388	1971	1550	1496	1278	2973	850	698	584	564	540	6307	83	0	297	359	470	502	593	830
3409	2004	1634	1551	1311	3011	871	722	522	486	449	6474	228	297	0	613	742	777	879	1086
3626	2218	1793	1777	1525	3216	1088	1001	910	855	838	5948	426	359	613	0	140	164	266	473
3725	2269	1899	1854	1576	3276	1187	1064	1050	995	933	5864	553	470	742	140	0	304	190	427
3769	2314	1915	1844	1621	3321	1231	1105	1066	1006	1002	5951	571	502	777	164	304	0	269	506
3883	2459	2059	2034	1766	3409	1345	1254	1176	1121	1104	5716	676	593	879	266	190	269	0	237
4099	2691	2266	2250	1998	3646	1561	1474	1383	1328	1311	5529	899	830	1086	473	427	506	237	0
#Ports_to_main
1	2	3	4	5	6	7
2	3	4	6	7	8	9
3	4	5	2	6	7	8
4	3	5	2	6	7	8	9
5	6	7	4	3	2	9
6	7	8	5	4	8	3	2	9
7	8	9	10	11	6	5	4
8	9	10	11	7	6	5	4
9	10	11	8	13	7	6	5
10	11	13	9	14	8	7	6	
11	13	14	10	9	8	15	8
12		
13	14	15	11	10	9	8	16
14	15	16	13	11	17	10	18
15	16	17	13	14	11	18	10
16	17	18	14	15	13	19	11
17	18	19	15	16	14	20	13
18	19	20	16	17	15	14	13
19	20	18	17	16	15	14	13
20	19	18	17	16	15	14	13
